"BehaviorSpace results (NetLogo 6.2.1)"
"Attack-vs-giant-component.nlogo"
"evol-ataque"
"03/23/2022 14:17:23:515 -0500"
"min-pxcor","max-pxcor","min-pycor","max-pycor"
"-26","26","-16","16"
"[run number]","tipo-ataque","num-ataques","tipo-red","num-nodos","[step]","num-comp","max-tam"
"5","aleatorio","50","aleatoria","500","0","1","500"
"3","aleatorio","50","aleatoria","500","0","1","500"
"4","aleatorio","50","aleatoria","500","0","1","500"
"8","aleatorio","50","aleatoria","500","0","1","500"
"6","aleatorio","50","aleatoria","500","0","1","500"
"2","aleatorio","50","aleatoria","500","0","1","500"
"1","aleatorio","50","aleatoria","500","0","1","500"
"7","aleatorio","50","aleatoria","500","0","1","500"
"1","aleatorio","50","aleatoria","500","1","1","499"
"1","aleatorio","50","aleatoria","500","2","1","498"
"1","aleatorio","50","aleatoria","500","3","1","497"
"4","aleatorio","50","aleatoria","500","1","1","499"
"1","aleatorio","50","aleatoria","500","4","2","495"
"5","aleatorio","50","aleatoria","500","1","3","494"
"8","aleatorio","50","aleatoria","500","1","3","489"
"6","aleatorio","50","aleatoria","500","1","1","499"
"3","aleatorio","50","aleatoria","500","1","1","499"
"5","aleatorio","50","aleatoria","500","2","3","493"
"2","aleatorio","50","aleatoria","500","1","1","499"
"7","aleatorio","50","aleatoria","500","1","1","499"
"5","aleatorio","50","aleatoria","500","3","3","492"
"4","aleatorio","50","aleatoria","500","2","2","496"
"5","aleatorio","50","aleatoria","500","4","9","442"
"7","aleatorio","50","aleatoria","500","2","1","498"
"2","aleatorio","50","aleatoria","500","2","4","489"
"4","aleatorio","50","aleatoria","500","3","2","495"
"5","aleatorio","50","aleatoria","500","5","9","441"
"5","aleatorio","50","aleatoria","500","6","9","440"
"7","aleatorio","50","aleatoria","500","3","1","497"
"1","aleatorio","50","aleatoria","500","5","4","491"
"2","aleatorio","50","aleatoria","500","3","4","488"
"4","aleatorio","50","aleatoria","500","4","4","491"
"5","aleatorio","50","aleatoria","500","7","9","439"
"1","aleatorio","50","aleatoria","500","6","4","490"
"5","aleatorio","50","aleatoria","500","8","11","431"
"4","aleatorio","50","aleatoria","500","5","5","488"
"2","aleatorio","50","aleatoria","500","4","4","487"
"5","aleatorio","50","aleatoria","500","9","12","429"
"4","aleatorio","50","aleatoria","500","6","5","487"
"3","aleatorio","50","aleatoria","500","2","2","493"
"1","aleatorio","50","aleatoria","500","7","4","489"
"4","aleatorio","50","aleatoria","500","7","5","486"
"7","aleatorio","50","aleatoria","500","4","3","494"
"5","aleatorio","50","aleatoria","500","10","14","426"
"4","aleatorio","50","aleatoria","500","8","8","476"
"5","aleatorio","50","aleatoria","500","11","15","422"
"2","aleatorio","50","aleatoria","500","5","4","486"
"7","aleatorio","50","aleatoria","500","5","4","491"
"4","aleatorio","50","aleatoria","500","9","8","475"
"1","aleatorio","50","aleatoria","500","8","4","488"
"5","aleatorio","50","aleatoria","500","12","15","421"
"4","aleatorio","50","aleatoria","500","10","8","474"
"7","aleatorio","50","aleatoria","500","6","6","488"
"5","aleatorio","50","aleatoria","500","13","18","416"
"2","aleatorio","50","aleatoria","500","6","9","455"
"1","aleatorio","50","aleatoria","500","9","6","483"
"4","aleatorio","50","aleatoria","500","11","17","357"
"5","aleatorio","50","aleatoria","500","14","18","415"
"7","aleatorio","50","aleatoria","500","7","7","486"
"2","aleatorio","50","aleatoria","500","7","16","363"
"4","aleatorio","50","aleatoria","500","12","17","357"
"5","aleatorio","50","aleatoria","500","15","18","414"
"1","aleatorio","50","aleatoria","500","10","9","470"
"7","aleatorio","50","aleatoria","500","8","10","478"
"8","aleatorio","50","aleatoria","500","2","3","488"
"4","aleatorio","50","aleatoria","500","13","18","355"
"6","aleatorio","50","aleatoria","500","2","1","498"
"7","aleatorio","50","aleatoria","500","9","10","478"
"7","aleatorio","50","aleatoria","500","10","10","477"
"3","aleatorio","50","aleatoria","500","3","6","464"
"6","aleatorio","50","aleatoria","500","3","3","495"
"2","aleatorio","50","aleatoria","500","8","18","360"
"1","aleatorio","50","aleatoria","500","11","10","468"
"8","aleatorio","50","aleatoria","500","3","3","487"
"5","aleatorio","50","aleatoria","500","16","18","413"
"7","aleatorio","50","aleatoria","500","11","10","476"
"5","aleatorio","50","aleatoria","500","17","18","412"
"2","aleatorio","50","aleatoria","500","9","18","360"
"6","aleatorio","50","aleatoria","500","4","4","493"
"4","aleatorio","50","aleatoria","500","14","18","354"
"1","aleatorio","50","aleatoria","500","12","11","465"
"7","aleatorio","50","aleatoria","500","12","12","471"
"8","aleatorio","50","aleatoria","500","4","4","485"
"6","aleatorio","50","aleatoria","500","5","5","491"
"5","aleatorio","50","aleatoria","500","18","20","401"
"7","aleatorio","50","aleatoria","500","13","13","469"
"5","aleatorio","50","aleatoria","500","19","20","400"
"6","aleatorio","50","aleatoria","500","6","5","490"
"3","aleatorio","50","aleatoria","500","4","8","464"
"5","aleatorio","50","aleatoria","500","20","20","399"
"1","aleatorio","50","aleatoria","500","13","12","456"
"2","aleatorio","50","aleatoria","500","10","20","356"
"7","aleatorio","50","aleatoria","500","14","15","461"
"8","aleatorio","50","aleatoria","500","5","7","479"
"5","aleatorio","50","aleatoria","500","21","20","398"
"6","aleatorio","50","aleatoria","500","7","7","486"
"3","aleatorio","50","aleatoria","500","5","8","463"
"1","aleatorio","50","aleatoria","500","14","12","455"
"5","aleatorio","50","aleatoria","500","22","21","396"
"8","aleatorio","50","aleatoria","500","6","8","476"
"3","aleatorio","50","aleatoria","500","6","8","462"
"6","aleatorio","50","aleatoria","500","8","9","483"
"1","aleatorio","50","aleatoria","500","15","13","453"
"2","aleatorio","50","aleatoria","500","11","22","352"
"7","aleatorio","50","aleatoria","500","15","15","460"
"5","aleatorio","50","aleatoria","500","23","21","396"
"6","aleatorio","50","aleatoria","500","9","9","482"
"8","aleatorio","50","aleatoria","500","7","9","464"
"5","aleatorio","50","aleatoria","500","24","21","395"
"4","aleatorio","50","aleatoria","500","15","20","354"
"6","aleatorio","50","aleatoria","500","10","10","480"
"1","aleatorio","50","aleatoria","500","16","15","444"
"3","aleatorio","50","aleatoria","500","7","12","326"
"5","aleatorio","50","aleatoria","500","25","21","394"
"8","aleatorio","50","aleatoria","500","8","9","463"
"4","aleatorio","50","aleatoria","500","16","20","353"
"2","aleatorio","50","aleatoria","500","12","22","351"
"5","aleatorio","50","aleatoria","500","26","21","394"
"1","aleatorio","50","aleatoria","500","17","19","434"
"6","aleatorio","50","aleatoria","500","11","14","474"
"3","aleatorio","50","aleatoria","500","8","13","326"
"2","aleatorio","50","aleatoria","500","13","23","349"
"8","aleatorio","50","aleatoria","500","9","9","462"
"4","aleatorio","50","aleatoria","500","17","22","349"
"1","aleatorio","50","aleatoria","500","18","19","433"
"3","aleatorio","50","aleatoria","500","9","14","326"
"6","aleatorio","50","aleatoria","500","12","15","472"
"1","aleatorio","50","aleatoria","500","19","19","432"
"5","aleatorio","50","aleatoria","500","27","21","393"
"8","aleatorio","50","aleatoria","500","10","9","461"
"4","aleatorio","50","aleatoria","500","18","25","344"
"1","aleatorio","50","aleatoria","500","20","19","431"
"6","aleatorio","50","aleatoria","500","13","15","471"
"3","aleatorio","50","aleatoria","500","10","18","257"
"1","aleatorio","50","aleatoria","500","21","19","430"
"2","aleatorio","50","aleatoria","500","14","23","348"
"5","aleatorio","50","aleatoria","500","28","24","389"
"6","aleatorio","50","aleatoria","500","14","15","470"
"3","aleatorio","50","aleatoria","500","11","18","256"
"1","aleatorio","50","aleatoria","500","22","20","424"
"6","aleatorio","50","aleatoria","500","15","17","467"
"8","aleatorio","50","aleatoria","500","11","10","461"
"3","aleatorio","50","aleatoria","500","12","18","255"
"4","aleatorio","50","aleatoria","500","19","29","328"
"5","aleatorio","50","aleatoria","500","29","25","385"
"1","aleatorio","50","aleatoria","500","23","21","424"
"6","aleatorio","50","aleatoria","500","16","17","466"
"1","aleatorio","50","aleatoria","500","24","23","421"
"3","aleatorio","50","aleatoria","500","13","18","254"
"8","aleatorio","50","aleatoria","500","12","13","422"
"5","aleatorio","50","aleatoria","500","30","25","384"
"1","aleatorio","50","aleatoria","500","25","23","420"
"6","aleatorio","50","aleatoria","500","17","17","465"
"4","aleatorio","50","aleatoria","500","20","31","328"
"3","aleatorio","50","aleatoria","500","14","19","254"
"5","aleatorio","50","aleatoria","500","31","26","380"
"1","aleatorio","50","aleatoria","500","26","23","419"
"8","aleatorio","50","aleatoria","500","13","13","421"
"6","aleatorio","50","aleatoria","500","18","20","461"
"3","aleatorio","50","aleatoria","500","15","20","250"
"1","aleatorio","50","aleatoria","500","27","24","417"
"5","aleatorio","50","aleatoria","500","32","27","378"
"4","aleatorio","50","aleatoria","500","21","33","325"
"8","aleatorio","50","aleatoria","500","14","15","418"
"1","aleatorio","50","aleatoria","500","28","25","415"
"6","aleatorio","50","aleatoria","500","19","22","452"
"3","aleatorio","50","aleatoria","500","16","20","250"
"1","aleatorio","50","aleatoria","500","29","26","412"
"5","aleatorio","50","aleatoria","500","33","28","376"
"6","aleatorio","50","aleatoria","500","20","22","451"
"4","aleatorio","50","aleatoria","500","22","34","325"
"8","aleatorio","50","aleatoria","500","15","17","415"
"3","aleatorio","50","aleatoria","500","17","21","247"
"1","aleatorio","50","aleatoria","500","30","30","406"
"5","aleatorio","50","aleatoria","500","34","28","376"
"7","aleatorio","50","aleatoria","500","16","17","454"
"4","aleatorio","50","aleatoria","500","23","34","324"
"8","aleatorio","50","aleatoria","500","16","18","411"
"1","aleatorio","50","aleatoria","500","31","31","404"
"5","aleatorio","50","aleatoria","500","35","27","376"
"1","aleatorio","50","aleatoria","500","32","31","403"
"5","aleatorio","50","aleatoria","500","36","28","376"
"2","aleatorio","50","aleatoria","500","15","23","347"
"1","aleatorio","50","aleatoria","500","33","32","401"
"4","aleatorio","50","aleatoria","500","24","35","322"
"8","aleatorio","50","aleatoria","500","17","18","410"
"1","aleatorio","50","aleatoria","500","34","32","400"
"4","aleatorio","50","aleatoria","500","25","35","321"
"7","aleatorio","50","aleatoria","500","17","17","453"
"1","aleatorio","50","aleatoria","500","35","33","398"
"2","aleatorio","50","aleatoria","500","16","23","346"
"6","aleatorio","50","aleatoria","500","21","26","333"
"4","aleatorio","50","aleatoria","500","26","35","320"
"5","aleatorio","50","aleatoria","500","37","34","189"
"7","aleatorio","50","aleatoria","500","18","17","452"
"1","aleatorio","50","aleatoria","500","36","33","397"
"5","aleatorio","50","aleatoria","500","38","34","188"
"4","aleatorio","50","aleatoria","500","27","35","320"
"7","aleatorio","50","aleatoria","500","19","19","449"
"5","aleatorio","50","aleatoria","500","39","35","186"
"4","aleatorio","50","aleatoria","500","28","35","320"
"1","aleatorio","50","aleatoria","500","37","34","395"
"2","aleatorio","50","aleatoria","500","17","23","345"
"5","aleatorio","50","aleatoria","500","40","37","186"
"6","aleatorio","50","aleatoria","500","22","26","333"
"4","aleatorio","50","aleatoria","500","29","35","320"
"7","aleatorio","50","aleatoria","500","20","19","448"
"5","aleatorio","50","aleatoria","500","41","37","185"
"6","aleatorio","50","aleatoria","500","23","25","333"
"4","aleatorio","50","aleatoria","500","30","37","320"
"2","aleatorio","50","aleatoria","500","18","23","344"
"7","aleatorio","50","aleatoria","500","21","19","447"
"8","aleatorio","50","aleatoria","500","18","18","409"
"5","aleatorio","50","aleatoria","500","42","37","185"
"4","aleatorio","50","aleatoria","500","31","40","320"
"2","aleatorio","50","aleatoria","500","19","26","344"
"8","aleatorio","50","aleatoria","500","19","18","408"
"7","aleatorio","50","aleatoria","500","22","22","443"
"5","aleatorio","50","aleatoria","500","43","40","176"
"4","aleatorio","50","aleatoria","500","32","40","319"
"2","aleatorio","50","aleatoria","500","20","26","344"
"7","aleatorio","50","aleatoria","500","23","22","442"
"2","aleatorio","50","aleatoria","500","21","26","343"
"8","aleatorio","50","aleatoria","500","20","18","407"
"5","aleatorio","50","aleatoria","500","44","40","176"
"4","aleatorio","50","aleatoria","500","33","40","319"
"7","aleatorio","50","aleatoria","500","24","22","441"
"2","aleatorio","50","aleatoria","500","22","25","343"
"5","aleatorio","50","aleatoria","500","45","44","158"
"4","aleatorio","50","aleatoria","500","34","43","319"
"8","aleatorio","50","aleatoria","500","21","18","407"
"2","aleatorio","50","aleatoria","500","23","24","343"
"5","aleatorio","50","aleatoria","500","46","44","157"
"7","aleatorio","50","aleatoria","500","25","22","440"
"8","aleatorio","50","aleatoria","500","22","18","406"
"4","aleatorio","50","aleatoria","500","35","44","319"
"2","aleatorio","50","aleatoria","500","24","24","342"
"5","aleatorio","50","aleatoria","500","47","44","157"
"7","aleatorio","50","aleatoria","500","26","22","439"
"8","aleatorio","50","aleatoria","500","23","18","405"
"4","aleatorio","50","aleatoria","500","36","44","319"
"2","aleatorio","50","aleatoria","500","25","26","337"
"5","aleatorio","50","aleatoria","500","48","47","153"
"7","aleatorio","50","aleatoria","500","27","22","438"
"8","aleatorio","50","aleatoria","500","24","18","404"
"5","aleatorio","50","aleatoria","500","49","48","150"
"2","aleatorio","50","aleatoria","500","26","28","332"
"7","aleatorio","50","aleatoria","500","28","22","437"
"8","aleatorio","50","aleatoria","500","25","18","403"
"5","aleatorio","50","aleatoria","500","50","48","149"
"2","aleatorio","50","aleatoria","500","27","28","332"
"7","aleatorio","50","aleatoria","500","29","22","436"
"8","aleatorio","50","aleatoria","500","26","20","396"
"2","aleatorio","50","aleatoria","500","28","35","277"
"6","aleatorio","50","aleatoria","500","24","25","332"
"8","aleatorio","50","aleatoria","500","27","23","391"
"2","aleatorio","50","aleatoria","500","29","35","276"
"7","aleatorio","50","aleatoria","500","30","23","434"
"8","aleatorio","50","aleatoria","500","28","24","389"
"6","aleatorio","50","aleatoria","500","25","25","332"
"2","aleatorio","50","aleatoria","500","30","35","276"
"7","aleatorio","50","aleatoria","500","31","23","433"
"9","aleatorio","50","aleatoria","500","0","1","500"
"8","aleatorio","50","aleatoria","500","29","24","388"
"2","aleatorio","50","aleatoria","500","31","35","275"
"9","aleatorio","50","aleatoria","500","1","1","499"
"7","aleatorio","50","aleatoria","500","32","27","426"
"1","aleatorio","50","aleatoria","500","38","37","383"
"6","aleatorio","50","aleatoria","500","26","25","331"
"8","aleatorio","50","aleatoria","500","30","24","387"
"4","aleatorio","50","aleatoria","500","37","44","318"
"2","aleatorio","50","aleatoria","500","32","37","275"
"3","aleatorio","50","aleatoria","500","18","21","247"
"6","aleatorio","50","aleatoria","500","27","25","330"
"9","aleatorio","50","aleatoria","500","2","1","498"
"1","aleatorio","50","aleatoria","500","39","37","382"
"7","aleatorio","50","aleatoria","500","33","28","423"
"2","aleatorio","50","aleatoria","500","33","37","274"
"6","aleatorio","50","aleatoria","500","28","25","329"
"8","aleatorio","50","aleatoria","500","31","25","351"
"4","aleatorio","50","aleatoria","500","38","44","318"
"3","aleatorio","50","aleatoria","500","19","21","247"
"1","aleatorio","50","aleatoria","500","40","38","380"
"9","aleatorio","50","aleatoria","500","3","3","494"
"6","aleatorio","50","aleatoria","500","29","26","327"
"7","aleatorio","50","aleatoria","500","34","28","422"
"3","aleatorio","50","aleatoria","500","20","26","247"
"2","aleatorio","50","aleatoria","500","34","37","273"
"1","aleatorio","50","aleatoria","500","41","38","379"
"8","aleatorio","50","aleatoria","500","32","25","351"
"4","aleatorio","50","aleatoria","500","39","48","318"
"9","aleatorio","50","aleatoria","500","4","3","493"
"6","aleatorio","50","aleatoria","500","30","26","326"
"3","aleatorio","50","aleatoria","500","21","26","246"
"9","aleatorio","50","aleatoria","500","5","3","492"
"8","aleatorio","50","aleatoria","500","33","25","351"
"4","aleatorio","50","aleatoria","500","40","49","316"
"6","aleatorio","50","aleatoria","500","31","26","325"
"7","aleatorio","50","aleatoria","500","35","28","421"
"9","aleatorio","50","aleatoria","500","6","6","414"
"2","aleatorio","50","aleatoria","500","35","40","266"
"3","aleatorio","50","aleatoria","500","22","26","245"
"9","aleatorio","50","aleatoria","500","7","7","412"
"6","aleatorio","50","aleatoria","500","32","26","324"
"4","aleatorio","50","aleatoria","500","41","50","309"
"8","aleatorio","50","aleatoria","500","34","26","349"
"1","aleatorio","50","aleatoria","500","42","39","377"
"2","aleatorio","50","aleatoria","500","36","39","266"
"6","aleatorio","50","aleatoria","500","33","28","321"
"4","aleatorio","50","aleatoria","500","42","50","308"
"1","aleatorio","50","aleatoria","500","43","39","376"
"3","aleatorio","50","aleatoria","500","23","27","242"
"8","aleatorio","50","aleatoria","500","35","27","349"
"6","aleatorio","50","aleatoria","500","34","28","320"
"4","aleatorio","50","aleatoria","500","43","51","306"
"1","aleatorio","50","aleatoria","500","44","39","375"
"3","aleatorio","50","aleatoria","500","24","27","242"
"8","aleatorio","50","aleatoria","500","36","28","346"
"6","aleatorio","50","aleatoria","500","35","28","319"
"1","aleatorio","50","aleatoria","500","45","39","374"
"4","aleatorio","50","aleatoria","500","44","52","303"
"3","aleatorio","50","aleatoria","500","25","27","241"
"1","aleatorio","50","aleatoria","500","46","40","372"
"6","aleatorio","50","aleatoria","500","36","30","288"
"8","aleatorio","50","aleatoria","500","37","32","333"
"4","aleatorio","50","aleatoria","500","45","55","295"
"1","aleatorio","50","aleatoria","500","47","42","367"
"3","aleatorio","50","aleatoria","500","26","28","241"
"6","aleatorio","50","aleatoria","500","37","30","288"
"8","aleatorio","50","aleatoria","500","38","32","333"
"1","aleatorio","50","aleatoria","500","48","43","365"
"4","aleatorio","50","aleatoria","500","46","56","293"
"3","aleatorio","50","aleatoria","500","27","29","239"
"1","aleatorio","50","aleatoria","500","49","43","364"
"8","aleatorio","50","aleatoria","500","39","34","326"
"6","aleatorio","50","aleatoria","500","38","30","288"
"4","aleatorio","50","aleatoria","500","47","56","293"
"1","aleatorio","50","aleatoria","500","50","44","362"
"3","aleatorio","50","aleatoria","500","28","30","239"
"6","aleatorio","50","aleatoria","500","39","30","287"
"4","aleatorio","50","aleatoria","500","48","58","288"
"3","aleatorio","50","aleatoria","500","29","30","238"
"6","aleatorio","50","aleatoria","500","40","30","287"
"9","aleatorio","50","aleatoria","500","8","8","412"
"8","aleatorio","50","aleatoria","500","40","33","326"
"4","aleatorio","50","aleatoria","500","49","58","287"
"7","aleatorio","50","aleatoria","500","36","30","417"
"3","aleatorio","50","aleatoria","500","30","30","237"
"6","aleatorio","50","aleatoria","500","41","30","286"
"8","aleatorio","50","aleatoria","500","41","33","325"
"10","aleatorio","50","aleatoria","500","0","1","500"
"3","aleatorio","50","aleatoria","500","31","31","237"
"4","aleatorio","50","aleatoria","500","50","60","282"
"6","aleatorio","50","aleatoria","500","42","30","285"
"10","aleatorio","50","aleatoria","500","1","2","497"
"8","aleatorio","50","aleatoria","500","42","34","325"
"10","aleatorio","50","aleatoria","500","2","2","496"
"3","aleatorio","50","aleatoria","500","32","32","237"
"8","aleatorio","50","aleatoria","500","43","34","325"
"9","aleatorio","50","aleatoria","500","9","9","410"
"10","aleatorio","50","aleatoria","500","3","3","493"
"3","aleatorio","50","aleatoria","500","33","33","237"
"8","aleatorio","50","aleatoria","500","44","35","321"
"11","aleatorio","50","preferencial","500","0","1","500"
"10","aleatorio","50","aleatoria","500","4","3","492"
"3","aleatorio","50","aleatoria","500","34","34","235"
"8","aleatorio","50","aleatoria","500","45","36","319"
"11","aleatorio","50","preferencial","500","1","1","499"
"9","aleatorio","50","aleatoria","500","10","9","409"
"10","aleatorio","50","aleatoria","500","5","3","491"
"8","aleatorio","50","aleatoria","500","46","36","318"
"3","aleatorio","50","aleatoria","500","35","35","233"
"11","aleatorio","50","preferencial","500","2","1","498"
"9","aleatorio","50","aleatoria","500","11","11","397"
"10","aleatorio","50","aleatoria","500","6","6","483"
"8","aleatorio","50","aleatoria","500","47","36","318"
"3","aleatorio","50","aleatoria","500","36","41","233"
"11","aleatorio","50","preferencial","500","3","1","497"
"10","aleatorio","50","aleatoria","500","7","6","482"
"9","aleatorio","50","aleatoria","500","12","11","396"
"8","aleatorio","50","aleatoria","500","48","36","318"
"10","aleatorio","50","aleatoria","500","8","6","481"
"3","aleatorio","50","aleatoria","500","37","42","231"
"9","aleatorio","50","aleatoria","500","13","14","376"
"11","aleatorio","50","preferencial","500","4","1","496"
"8","aleatorio","50","aleatoria","500","49","36","317"
"10","aleatorio","50","aleatoria","500","9","6","480"
"3","aleatorio","50","aleatoria","500","38","43","231"
"9","aleatorio","50","aleatoria","500","14","14","375"
"11","aleatorio","50","preferencial","500","5","4","492"
"8","aleatorio","50","aleatoria","500","50","37","315"
"10","aleatorio","50","aleatoria","500","10","6","479"
"9","aleatorio","50","aleatoria","500","15","15","375"
"3","aleatorio","50","aleatoria","500","39","43","231"
"10","aleatorio","50","aleatoria","500","11","9","475"
"11","aleatorio","50","preferencial","500","6","4","491"
"9","aleatorio","50","aleatoria","500","16","16","373"
"6","aleatorio","50","aleatoria","500","43","30","285"
"7","aleatorio","50","aleatoria","500","37","30","416"
"10","aleatorio","50","aleatoria","500","12","9","474"
"2","aleatorio","50","aleatoria","500","37","38","266"
"10","aleatorio","50","aleatoria","500","13","11","469"
"12","aleatorio","50","preferencial","500","0","1","500"
"9","aleatorio","50","aleatoria","500","17","16","372"
"2","aleatorio","50","aleatoria","500","38","38","265"
"9","aleatorio","50","aleatoria","500","18","17","369"
"2","aleatorio","50","aleatoria","500","39","38","265"
"6","aleatorio","50","aleatoria","500","44","30","284"
"12","aleatorio","50","preferencial","500","1","1","499"
"7","aleatorio","50","aleatoria","500","38","30","415"
"9","aleatorio","50","aleatoria","500","19","17","369"
"2","aleatorio","50","aleatoria","500","40","38","264"
"6","aleatorio","50","aleatoria","500","45","30","283"
"12","aleatorio","50","preferencial","500","2","1","498"
"7","aleatorio","50","aleatoria","500","39","31","413"
"9","aleatorio","50","aleatoria","500","20","21","359"
"2","aleatorio","50","aleatoria","500","41","38","263"
"6","aleatorio","50","aleatoria","500","46","32","283"
"12","aleatorio","50","preferencial","500","3","1","497"
"9","aleatorio","50","aleatoria","500","21","21","358"
"7","aleatorio","50","aleatoria","500","40","39","367"
"2","aleatorio","50","aleatoria","500","42","38","262"
"6","aleatorio","50","aleatoria","500","47","32","282"
"12","aleatorio","50","preferencial","500","4","1","496"
"9","aleatorio","50","aleatoria","500","22","24","349"
"2","aleatorio","50","aleatoria","500","43","39","260"
"7","aleatorio","50","aleatoria","500","41","40","364"
"11","aleatorio","50","preferencial","500","7","6","488"
"9","aleatorio","50","aleatoria","500","23","24","348"
"12","aleatorio","50","preferencial","500","5","2","494"
"2","aleatorio","50","aleatoria","500","44","41","257"
"11","aleatorio","50","preferencial","500","8","6","487"
"3","aleatorio","50","aleatoria","500","40","44","229"
"9","aleatorio","50","aleatoria","500","24","24","347"
"12","aleatorio","50","preferencial","500","6","3","490"
"2","aleatorio","50","aleatoria","500","45","41","256"
"9","aleatorio","50","aleatoria","500","25","24","346"
"11","aleatorio","50","preferencial","500","9","19","467"
"7","aleatorio","50","aleatoria","500","42","40","363"
"2","aleatorio","50","aleatoria","500","46","41","256"
"12","aleatorio","50","preferencial","500","7","21","403"
"9","aleatorio","50","aleatoria","500","26","24","345"
"11","aleatorio","50","preferencial","500","10","19","466"
"2","aleatorio","50","aleatoria","500","47","42","254"
"7","aleatorio","50","aleatoria","500","43","42","357"
"12","aleatorio","50","preferencial","500","8","21","402"
"9","aleatorio","50","aleatoria","500","27","25","342"
"11","aleatorio","50","preferencial","500","11","19","465"
"2","aleatorio","50","aleatoria","500","48","43","252"
"12","aleatorio","50","preferencial","500","9","21","402"
"7","aleatorio","50","aleatoria","500","44","42","356"
"9","aleatorio","50","aleatoria","500","28","26","342"
"11","aleatorio","50","preferencial","500","12","19","464"
"2","aleatorio","50","aleatoria","500","49","44","250"
"12","aleatorio","50","preferencial","500","10","21","402"
"7","aleatorio","50","aleatoria","500","45","42","356"
"9","aleatorio","50","aleatoria","500","29","26","341"
"11","aleatorio","50","preferencial","500","13","22","458"
"10","aleatorio","50","aleatoria","500","14","11","468"
"2","aleatorio","50","aleatoria","500","50","44","249"
"9","aleatorio","50","aleatoria","500","30","26","341"
"10","aleatorio","50","aleatoria","500","15","12","466"
"11","aleatorio","50","preferencial","500","14","22","457"
"6","aleatorio","50","aleatoria","500","48","33","276"
"9","aleatorio","50","aleatoria","500","31","26","340"
"10","aleatorio","50","aleatoria","500","16","13","466"
"11","aleatorio","50","preferencial","500","15","28","420"
"13","aleatorio","50","preferencial","500","0","1","500"
"6","aleatorio","50","aleatoria","500","49","33","275"
"10","aleatorio","50","aleatoria","500","17","13","465"
"11","aleatorio","50","preferencial","500","16","30","417"
"6","aleatorio","50","aleatoria","500","50","33","275"
"10","aleatorio","50","aleatoria","500","18","13","464"
"11","aleatorio","50","preferencial","500","17","30","417"
"13","aleatorio","50","preferencial","500","1","1","499"
"9","aleatorio","50","aleatoria","500","32","25","340"
"3","aleatorio","50","aleatoria","500","41","44","229"
"7","aleatorio","50","aleatoria","500","46","43","354"
"12","aleatorio","50","preferencial","500","11","21","401"
"11","aleatorio","50","preferencial","500","18","30","417"
"3","aleatorio","50","aleatoria","500","42","43","229"
"9","aleatorio","50","aleatoria","500","33","25","339"
"12","aleatorio","50","preferencial","500","12","21","400"
"11","aleatorio","50","preferencial","500","19","29","417"
"13","aleatorio","50","preferencial","500","2","1","498"
"7","aleatorio","50","aleatoria","500","47","46","354"
"10","aleatorio","50","aleatoria","500","19","14","462"
"9","aleatorio","50","aleatoria","500","34","27","336"
"3","aleatorio","50","aleatoria","500","43","43","228"
"11","aleatorio","50","preferencial","500","20","29","416"
"14","aleatorio","50","preferencial","500","0","1","500"
"12","aleatorio","50","preferencial","500","13","21","399"
"9","aleatorio","50","aleatoria","500","35","28","334"
"11","aleatorio","50","preferencial","500","21","29","415"
"3","aleatorio","50","aleatoria","500","44","46","214"
"7","aleatorio","50","aleatoria","500","48","48","351"
"14","aleatorio","50","preferencial","500","1","2","498"
"12","aleatorio","50","preferencial","500","14","21","398"
"11","aleatorio","50","preferencial","500","22","29","414"
"13","aleatorio","50","preferencial","500","3","2","496"
"10","aleatorio","50","aleatoria","500","20","16","457"
"3","aleatorio","50","aleatoria","500","45","46","214"
"14","aleatorio","50","preferencial","500","2","2","497"
"7","aleatorio","50","aleatoria","500","49","50","346"
"9","aleatorio","50","aleatoria","500","36","31","323"
"10","aleatorio","50","aleatoria","500","21","20","420"
"13","aleatorio","50","preferencial","500","4","6","490"
"3","aleatorio","50","aleatoria","500","46","46","213"
"12","aleatorio","50","preferencial","500","15","24","398"
"11","aleatorio","50","preferencial","500","23","29","413"
"7","aleatorio","50","aleatoria","500","50","49","346"
"14","aleatorio","50","preferencial","500","3","3","495"
"10","aleatorio","50","aleatoria","500","22","22","410"
"13","aleatorio","50","preferencial","500","5","6","489"
"9","aleatorio","50","aleatoria","500","37","31","322"
"3","aleatorio","50","aleatoria","500","47","48","213"
"12","aleatorio","50","preferencial","500","16","24","397"
"11","aleatorio","50","preferencial","500","24","29","412"
"9","aleatorio","50","aleatoria","500","38","33","312"
"3","aleatorio","50","aleatoria","500","48","48","213"
"14","aleatorio","50","preferencial","500","4","3","494"
"12","aleatorio","50","preferencial","500","17","25","395"
"11","aleatorio","50","preferencial","500","25","29","412"
"10","aleatorio","50","aleatoria","500","23","23","408"
"3","aleatorio","50","aleatoria","500","49","50","213"
"9","aleatorio","50","aleatoria","500","39","33","312"
"14","aleatorio","50","preferencial","500","5","3","493"
"12","aleatorio","50","preferencial","500","18","25","394"
"11","aleatorio","50","preferencial","500","26","28","412"
"13","aleatorio","50","preferencial","500","6","6","488"
"3","aleatorio","50","aleatoria","500","50","51","209"
"9","aleatorio","50","aleatoria","500","40","34","310"
"14","aleatorio","50","preferencial","500","6","9","483"
"12","aleatorio","50","preferencial","500","19","26","394"
"9","aleatorio","50","aleatoria","500","41","34","309"
"15","aleatorio","50","preferencial","500","0","1","500"
"14","aleatorio","50","preferencial","500","7","9","482"
"10","aleatorio","50","aleatoria","500","24","23","407"
"9","aleatorio","50","aleatoria","500","42","35","301"
"13","aleatorio","50","preferencial","500","7","9","479"
"11","aleatorio","50","preferencial","500","27","28","411"
"12","aleatorio","50","preferencial","500","20","27","392"
"9","aleatorio","50","aleatoria","500","43","35","300"
"15","aleatorio","50","preferencial","500","1","1","499"
"10","aleatorio","50","aleatoria","500","25","24","405"
"9","aleatorio","50","aleatoria","500","44","35","299"
"14","aleatorio","50","preferencial","500","8","10","480"
"15","aleatorio","50","preferencial","500","2","3","496"
"11","aleatorio","50","preferencial","500","28","28","410"
"12","aleatorio","50","preferencial","500","21","36","224"
"10","aleatorio","50","aleatoria","500","26","24","404"
"9","aleatorio","50","aleatoria","500","45","35","298"
"16","aleatorio","50","preferencial","500","0","1","500"
"14","aleatorio","50","preferencial","500","9","12","477"
"10","aleatorio","50","aleatoria","500","27","24","403"
"9","aleatorio","50","aleatoria","500","46","35","298"
"11","aleatorio","50","preferencial","500","29","29","408"
"12","aleatorio","50","preferencial","500","22","39","224"
"15","aleatorio","50","preferencial","500","3","3","495"
"14","aleatorio","50","preferencial","500","10","12","476"
"10","aleatorio","50","aleatoria","500","28","24","402"
"16","aleatorio","50","preferencial","500","1","1","499"
"9","aleatorio","50","aleatoria","500","47","35","298"
"11","aleatorio","50","preferencial","500","30","28","408"
"12","aleatorio","50","preferencial","500","23","39","223"
"10","aleatorio","50","aleatoria","500","29","24","401"
"15","aleatorio","50","preferencial","500","4","22","410"
"14","aleatorio","50","preferencial","500","11","17","469"
"9","aleatorio","50","aleatoria","500","48","35","297"
"10","aleatorio","50","aleatoria","500","30","25","399"
"12","aleatorio","50","preferencial","500","24","39","222"
"16","aleatorio","50","preferencial","500","2","1","498"
"9","aleatorio","50","aleatoria","500","49","35","296"
"14","aleatorio","50","preferencial","500","12","18","467"
"12","aleatorio","50","preferencial","500","25","39","222"
"11","aleatorio","50","preferencial","500","31","28","407"
"10","aleatorio","50","aleatoria","500","31","25","398"
"16","aleatorio","50","preferencial","500","3","1","497"
"9","aleatorio","50","aleatoria","500","50","37","279"
"11","aleatorio","50","preferencial","500","32","28","406"
"12","aleatorio","50","preferencial","500","26","39","222"
"10","aleatorio","50","aleatoria","500","32","25","398"
"16","aleatorio","50","preferencial","500","4","2","495"
"11","aleatorio","50","preferencial","500","33","28","405"
"10","aleatorio","50","aleatoria","500","33","25","397"
"12","aleatorio","50","preferencial","500","27","40","220"
"11","aleatorio","50","preferencial","500","34","27","405"
"10","aleatorio","50","aleatoria","500","34","26","393"
"16","aleatorio","50","preferencial","500","5","3","493"
"17","aleatorio","50","preferencial","500","0","1","500"
"12","aleatorio","50","preferencial","500","28","40","219"
"10","aleatorio","50","aleatoria","500","35","26","392"
"11","aleatorio","50","preferencial","500","35","28","403"
"16","aleatorio","50","preferencial","500","6","3","492"
"12","aleatorio","50","preferencial","500","29","40","218"
"17","aleatorio","50","preferencial","500","1","1","499"
"10","aleatorio","50","aleatoria","500","36","26","391"
"11","aleatorio","50","preferencial","500","36","28","402"
"12","aleatorio","50","preferencial","500","30","40","218"
"17","aleatorio","50","preferencial","500","2","1","498"
"16","aleatorio","50","preferencial","500","7","5","489"
"11","aleatorio","50","preferencial","500","37","28","402"
"10","aleatorio","50","aleatoria","500","37","26","390"
"12","aleatorio","50","preferencial","500","31","40","218"
"11","aleatorio","50","preferencial","500","38","27","402"
"10","aleatorio","50","aleatoria","500","38","30","382"
"13","aleatorio","50","preferencial","500","8","12","474"
"17","aleatorio","50","preferencial","500","3","1","497"
"12","aleatorio","50","preferencial","500","32","41","218"
"16","aleatorio","50","preferencial","500","8","5","488"
"11","aleatorio","50","preferencial","500","39","28","400"
"17","aleatorio","50","preferencial","500","4","1","496"
"10","aleatorio","50","aleatoria","500","39","31","380"
"12","aleatorio","50","preferencial","500","33","42","216"
"13","aleatorio","50","preferencial","500","9","12","473"
"11","aleatorio","50","preferencial","500","40","28","399"
"10","aleatorio","50","aleatoria","500","40","32","378"
"17","aleatorio","50","preferencial","500","5","1","495"
"12","aleatorio","50","preferencial","500","34","42","216"
"11","aleatorio","50","preferencial","500","41","33","390"
"10","aleatorio","50","aleatoria","500","41","32","377"
"13","aleatorio","50","preferencial","500","10","14","470"
"12","aleatorio","50","preferencial","500","35","42","215"
"17","aleatorio","50","preferencial","500","6","1","494"
"11","aleatorio","50","preferencial","500","42","33","389"
"14","aleatorio","50","preferencial","500","13","19","465"
"10","aleatorio","50","aleatoria","500","42","32","376"
"13","aleatorio","50","preferencial","500","11","14","469"
"11","aleatorio","50","preferencial","500","43","33","388"
"12","aleatorio","50","preferencial","500","36","43","213"
"15","aleatorio","50","preferencial","500","5","43","307"
"13","aleatorio","50","preferencial","500","12","14","468"
"14","aleatorio","50","preferencial","500","14","24","458"
"11","aleatorio","50","preferencial","500","44","32","388"
"12","aleatorio","50","preferencial","500","37","44","211"
"15","aleatorio","50","preferencial","500","6","44","304"
"11","aleatorio","50","preferencial","500","45","32","387"
"13","aleatorio","50","preferencial","500","13","18","463"
"14","aleatorio","50","preferencial","500","15","31","441"
"12","aleatorio","50","preferencial","500","38","44","210"
"11","aleatorio","50","preferencial","500","46","32","386"
"15","aleatorio","50","preferencial","500","7","43","304"
"12","aleatorio","50","preferencial","500","39","44","210"
"13","aleatorio","50","preferencial","500","14","19","461"
"14","aleatorio","50","preferencial","500","16","32","439"
"11","aleatorio","50","preferencial","500","47","32","385"
"12","aleatorio","50","preferencial","500","40","52","210"
"15","aleatorio","50","preferencial","500","8","43","303"
"13","aleatorio","50","preferencial","500","15","19","460"
"14","aleatorio","50","preferencial","500","17","32","438"
"11","aleatorio","50","preferencial","500","48","33","383"
"12","aleatorio","50","preferencial","500","41","53","207"
"13","aleatorio","50","preferencial","500","16","19","459"
"14","aleatorio","50","preferencial","500","18","32","437"
"15","aleatorio","50","preferencial","500","9","47","303"
"11","aleatorio","50","preferencial","500","49","33","382"
"12","aleatorio","50","preferencial","500","42","53","207"
"13","aleatorio","50","preferencial","500","17","24","451"
"14","aleatorio","50","preferencial","500","19","32","436"
"11","aleatorio","50","preferencial","500","50","44","351"
"12","aleatorio","50","preferencial","500","43","53","206"
"15","aleatorio","50","preferencial","500","10","47","303"
"13","aleatorio","50","preferencial","500","18","27","446"
"12","aleatorio","50","preferencial","500","44","53","206"
"18","aleatorio","50","preferencial","500","0","1","500"
"15","aleatorio","50","preferencial","500","11","48","301"
"14","aleatorio","50","preferencial","500","20","32","435"
"13","aleatorio","50","preferencial","500","19","27","445"
"12","aleatorio","50","preferencial","500","45","52","206"
"18","aleatorio","50","preferencial","500","1","2","498"
"12","aleatorio","50","preferencial","500","46","53","204"
"14","aleatorio","50","preferencial","500","21","32","434"
"13","aleatorio","50","preferencial","500","20","27","444"
"15","aleatorio","50","preferencial","500","12","48","300"
"18","aleatorio","50","preferencial","500","2","2","497"
"12","aleatorio","50","preferencial","500","47","54","202"
"13","aleatorio","50","preferencial","500","21","27","443"
"14","aleatorio","50","preferencial","500","22","32","433"
"18","aleatorio","50","preferencial","500","3","2","496"
"15","aleatorio","50","preferencial","500","13","48","299"
"12","aleatorio","50","preferencial","500","48","54","202"
"13","aleatorio","50","preferencial","500","22","28","441"
"14","aleatorio","50","preferencial","500","23","32","432"
"18","aleatorio","50","preferencial","500","4","12","482"
"15","aleatorio","50","preferencial","500","14","48","298"
"12","aleatorio","50","preferencial","500","49","54","202"
"13","aleatorio","50","preferencial","500","23","29","439"
"14","aleatorio","50","preferencial","500","24","32","431"
"10","aleatorio","50","aleatoria","500","43","39","348"
"12","aleatorio","50","preferencial","500","50","53","202"
"18","aleatorio","50","preferencial","500","5","15","477"
"13","aleatorio","50","preferencial","500","24","29","438"
"15","aleatorio","50","preferencial","500","15","48","297"
"14","aleatorio","50","preferencial","500","25","32","430"
"17","aleatorio","50","preferencial","500","7","1","493"
"10","aleatorio","50","aleatoria","500","44","39","347"
"14","aleatorio","50","preferencial","500","26","32","429"
"18","aleatorio","50","preferencial","500","6","15","476"
"17","aleatorio","50","preferencial","500","8","1","492"
"13","aleatorio","50","preferencial","500","25","29","437"
"15","aleatorio","50","preferencial","500","16","48","297"
"16","aleatorio","50","preferencial","500","9","5","487"
"14","aleatorio","50","preferencial","500","27","32","428"
"17","aleatorio","50","preferencial","500","9","1","491"
"10","aleatorio","50","aleatoria","500","45","39","346"
"13","aleatorio","50","preferencial","500","26","29","436"
"15","aleatorio","50","preferencial","500","17","48","297"
"18","aleatorio","50","preferencial","500","7","15","475"
"19","aleatorio","50","preferencial","500","0","1","500"
"10","aleatorio","50","aleatoria","500","46","39","345"
"17","aleatorio","50","preferencial","500","10","1","490"
"16","aleatorio","50","preferencial","500","10","5","486"
"14","aleatorio","50","preferencial","500","28","32","427"
"18","aleatorio","50","preferencial","500","8","17","472"
"19","aleatorio","50","preferencial","500","1","2","494"
"16","aleatorio","50","preferencial","500","11","4","486"
"17","aleatorio","50","preferencial","500","11","1","489"
"14","aleatorio","50","preferencial","500","29","32","426"
"18","aleatorio","50","preferencial","500","9","18","470"
"19","aleatorio","50","preferencial","500","2","2","493"
"16","aleatorio","50","preferencial","500","12","4","485"
"15","aleatorio","50","preferencial","500","18","48","296"
"17","aleatorio","50","preferencial","500","12","1","488"
"14","aleatorio","50","preferencial","500","30","33","424"
"10","aleatorio","50","aleatoria","500","47","40","345"
"13","aleatorio","50","preferencial","500","27","29","435"
"17","aleatorio","50","preferencial","500","13","3","485"
"15","aleatorio","50","preferencial","500","19","48","296"
"18","aleatorio","50","preferencial","500","10","18","469"
"17","aleatorio","50","preferencial","500","14","4","483"
"14","aleatorio","50","preferencial","500","31","33","423"
"19","aleatorio","50","preferencial","500","3","2","492"
"16","aleatorio","50","preferencial","500","13","4","484"
"10","aleatorio","50","aleatoria","500","48","41","338"
"13","aleatorio","50","preferencial","500","28","31","435"
"15","aleatorio","50","preferencial","500","20","48","296"
"14","aleatorio","50","preferencial","500","32","33","423"
"16","aleatorio","50","preferencial","500","14","4","483"
"18","aleatorio","50","preferencial","500","11","18","468"
"17","aleatorio","50","preferencial","500","15","4","482"
"19","aleatorio","50","preferencial","500","4","2","491"
"14","aleatorio","50","preferencial","500","33","33","422"
"17","aleatorio","50","preferencial","500","16","20","419"
"16","aleatorio","50","preferencial","500","15","3","483"
"10","aleatorio","50","aleatoria","500","49","42","336"
"13","aleatorio","50","preferencial","500","29","53","254"
"14","aleatorio","50","preferencial","500","34","36","417"
"15","aleatorio","50","preferencial","500","21","48","296"
"18","aleatorio","50","preferencial","500","12","18","467"
"19","aleatorio","50","preferencial","500","5","2","490"
"17","aleatorio","50","preferencial","500","17","29","386"
"15","aleatorio","50","preferencial","500","22","48","296"
"14","aleatorio","50","preferencial","500","35","36","416"
"18","aleatorio","50","preferencial","500","13","18","466"
"19","aleatorio","50","preferencial","500","6","3","488"
"10","aleatorio","50","aleatoria","500","50","42","335"
"15","aleatorio","50","preferencial","500","23","49","296"
"16","aleatorio","50","preferencial","500","16","3","482"
"13","aleatorio","50","preferencial","500","30","53","253"
"17","aleatorio","50","preferencial","500","18","29","386"
"18","aleatorio","50","preferencial","500","14","18","465"
"14","aleatorio","50","preferencial","500","36","36","415"
"19","aleatorio","50","preferencial","500","7","29","352"
"17","aleatorio","50","preferencial","500","19","29","386"
"15","aleatorio","50","preferencial","500","24","50","293"
"20","aleatorio","50","preferencial","500","0","1","500"
"16","aleatorio","50","preferencial","500","17","3","481"
"18","aleatorio","50","preferencial","500","15","18","464"
"17","aleatorio","50","preferencial","500","20","29","385"
"19","aleatorio","50","preferencial","500","8","29","351"
"18","aleatorio","50","preferencial","500","16","18","463"
"15","aleatorio","50","preferencial","500","25","51","291"
"17","aleatorio","50","preferencial","500","21","29","384"
"20","aleatorio","50","preferencial","500","1","1","499"
"16","aleatorio","50","preferencial","500","18","3","480"
"13","aleatorio","50","preferencial","500","31","52","253"
"19","aleatorio","50","preferencial","500","9","29","351"
"18","aleatorio","50","preferencial","500","17","18","462"
"17","aleatorio","50","preferencial","500","22","29","383"
"19","aleatorio","50","preferencial","500","10","29","351"
"18","aleatorio","50","preferencial","500","18","18","461"
"17","aleatorio","50","preferencial","500","23","39","361"
"20","aleatorio","50","preferencial","500","2","1","498"
"13","aleatorio","50","preferencial","500","32","53","253"
"15","aleatorio","50","preferencial","500","26","51","291"
"14","aleatorio","50","preferencial","500","37","38","391"
"18","aleatorio","50","preferencial","500","19","22","456"
"17","aleatorio","50","preferencial","500","24","41","361"
"20","aleatorio","50","preferencial","500","3","1","497"
"13","aleatorio","50","preferencial","500","33","53","252"
"16","aleatorio","50","preferencial","500","19","4","478"
"18","aleatorio","50","preferencial","500","20","22","455"
"14","aleatorio","50","preferencial","500","38","38","390"
"17","aleatorio","50","preferencial","500","25","41","360"
"20","aleatorio","50","preferencial","500","4","6","485"
"18","aleatorio","50","preferencial","500","21","59","210"
"17","aleatorio","50","preferencial","500","26","41","359"
"16","aleatorio","50","preferencial","500","20","4","477"
"14","aleatorio","50","preferencial","500","39","38","389"
"18","aleatorio","50","preferencial","500","22","59","209"
"20","aleatorio","50","preferencial","500","5","7","483"
"17","aleatorio","50","preferencial","500","27","41","358"
"16","aleatorio","50","preferencial","500","21","7","472"
"18","aleatorio","50","preferencial","500","23","59","209"
"17","aleatorio","50","preferencial","500","28","41","357"
"20","aleatorio","50","preferencial","500","6","7","482"
"16","aleatorio","50","preferencial","500","22","7","472"
"14","aleatorio","50","preferencial","500","40","37","389"
"18","aleatorio","50","preferencial","500","24","60","209"
"20","aleatorio","50","preferencial","500","7","7","481"
"17","aleatorio","50","preferencial","500","29","41","356"
"16","aleatorio","50","preferencial","500","23","7","471"
"20","aleatorio","50","preferencial","500","8","7","480"
"17","aleatorio","50","preferencial","500","30","41","355"
"18","aleatorio","50","preferencial","500","25","63","204"
"16","aleatorio","50","preferencial","500","24","7","470"
"20","aleatorio","50","preferencial","500","9","9","476"
"18","aleatorio","50","preferencial","500","26","63","204"
"17","aleatorio","50","preferencial","500","31","41","354"
"14","aleatorio","50","preferencial","500","41","37","389"
"16","aleatorio","50","preferencial","500","25","7","469"
"20","aleatorio","50","preferencial","500","10","9","475"
"18","aleatorio","50","preferencial","500","27","66","204"
"14","aleatorio","50","preferencial","500","42","37","388"
"16","aleatorio","50","preferencial","500","26","8","467"
"20","aleatorio","50","preferencial","500","11","9","474"
"18","aleatorio","50","preferencial","500","28","66","204"
"19","aleatorio","50","preferencial","500","11","29","351"
"16","aleatorio","50","preferencial","500","27","8","466"
"20","aleatorio","50","preferencial","500","12","9","473"
"18","aleatorio","50","preferencial","500","29","66","204"
"19","aleatorio","50","preferencial","500","12","31","346"
"16","aleatorio","50","preferencial","500","28","10","463"
"20","aleatorio","50","preferencial","500","13","9","472"
"14","aleatorio","50","preferencial","500","43","37","387"
"18","aleatorio","50","preferencial","500","30","66","204"
"19","aleatorio","50","preferencial","500","13","32","344"
"16","aleatorio","50","preferencial","500","29","10","462"
"18","aleatorio","50","preferencial","500","31","74","192"
"14","aleatorio","50","preferencial","500","44","38","385"
"20","aleatorio","50","preferencial","500","14","11","467"
"16","aleatorio","50","preferencial","500","30","14","454"
"19","aleatorio","50","preferencial","500","14","35","328"
"13","aleatorio","50","preferencial","500","34","55","249"
"20","aleatorio","50","preferencial","500","15","11","466"
"18","aleatorio","50","preferencial","500","32","74","192"
"14","aleatorio","50","preferencial","500","45","38","384"
"19","aleatorio","50","preferencial","500","15","37","328"
"16","aleatorio","50","preferencial","500","31","16","451"
"18","aleatorio","50","preferencial","500","33","74","191"
"14","aleatorio","50","preferencial","500","46","39","382"
"19","aleatorio","50","preferencial","500","16","38","328"
"20","aleatorio","50","preferencial","500","16","11","465"
"13","aleatorio","50","preferencial","500","35","58","244"
"14","aleatorio","50","preferencial","500","47","39","381"
"19","aleatorio","50","preferencial","500","17","39","325"
"17","aleatorio","50","preferencial","500","32","42","354"
"16","aleatorio","50","preferencial","500","32","16","450"
"20","aleatorio","50","preferencial","500","17","11","465"
"15","aleatorio","50","preferencial","500","27","51","290"
"19","aleatorio","50","preferencial","500","18","44","319"
"13","aleatorio","50","preferencial","500","36","58","244"
"17","aleatorio","50","preferencial","500","33","42","354"
"19","aleatorio","50","preferencial","500","19","44","318"
"20","aleatorio","50","preferencial","500","18","11","464"
"13","aleatorio","50","preferencial","500","37","58","243"
"15","aleatorio","50","preferencial","500","28","58","276"
"14","aleatorio","50","preferencial","500","48","50","365"
"20","aleatorio","50","preferencial","500","19","11","463"
"13","aleatorio","50","preferencial","500","38","57","243"
"15","aleatorio","50","preferencial","500","29","59","276"
"19","aleatorio","50","preferencial","500","20","43","318"
"13","aleatorio","50","preferencial","500","39","57","242"
"14","aleatorio","50","preferencial","500","49","50","364"
"15","aleatorio","50","preferencial","500","30","58","276"
"13","aleatorio","50","preferencial","500","40","57","242"
"19","aleatorio","50","preferencial","500","21","43","318"
"14","aleatorio","50","preferencial","500","50","50","364"
"15","aleatorio","50","preferencial","500","31","58","275"
"13","aleatorio","50","preferencial","500","41","57","242"
"18","aleatorio","50","preferencial","500","34","75","191"
"15","aleatorio","50","preferencial","500","32","58","274"
"19","aleatorio","50","preferencial","500","22","43","317"
"13","aleatorio","50","preferencial","500","42","56","242"
"15","aleatorio","50","preferencial","500","33","63","246"
"18","aleatorio","50","preferencial","500","35","75","191"
"13","aleatorio","50","preferencial","500","43","56","242"
"19","aleatorio","50","preferencial","500","23","43","317"
"16","aleatorio","50","preferencial","500","33","16","449"
"21","amigos","50","aleatoria","500","0","1","500"
"15","aleatorio","50","preferencial","500","34","63","245"
"18","aleatorio","50","preferencial","500","36","75","190"
"13","aleatorio","50","preferencial","500","44","55","242"
"20","aleatorio","50","preferencial","500","20","11","462"
"19","aleatorio","50","preferencial","500","24","44","315"
"18","aleatorio","50","preferencial","500","37","75","190"
"21","amigos","50","aleatoria","500","1","3","490"
"15","aleatorio","50","preferencial","500","35","65","242"
"17","aleatorio","50","preferencial","500","34","44","351"
"20","aleatorio","50","preferencial","500","21","13","457"
"18","aleatorio","50","preferencial","500","38","75","190"
"16","aleatorio","50","preferencial","500","34","17","447"
"19","aleatorio","50","preferencial","500","25","44","314"
"21","amigos","50","aleatoria","500","2","4","487"
"13","aleatorio","50","preferencial","500","45","68","213"
"15","aleatorio","50","preferencial","500","36","65","242"
"17","aleatorio","50","preferencial","500","35","47","345"
"18","aleatorio","50","preferencial","500","39","75","189"
"21","amigos","50","aleatoria","500","3","4","486"
"20","aleatorio","50","preferencial","500","22","13","456"
"16","aleatorio","50","preferencial","500","35","22","413"
"19","aleatorio","50","preferencial","500","26","46","308"
"15","aleatorio","50","preferencial","500","37","65","242"
"13","aleatorio","50","preferencial","500","46","68","212"
"17","aleatorio","50","preferencial","500","36","47","344"
"20","aleatorio","50","preferencial","500","23","14","454"
"16","aleatorio","50","preferencial","500","36","22","412"
"17","aleatorio","50","preferencial","500","37","46","344"
"19","aleatorio","50","preferencial","500","27","46","308"
"15","aleatorio","50","preferencial","500","38","65","241"
"13","aleatorio","50","preferencial","500","47","69","210"
"18","aleatorio","50","preferencial","500","40","76","187"
"21","amigos","50","aleatoria","500","4","8","481"
"17","aleatorio","50","preferencial","500","38","46","343"
"19","aleatorio","50","preferencial","500","28","46","308"
"20","aleatorio","50","preferencial","500","24","14","453"
"16","aleatorio","50","preferencial","500","37","22","411"
"15","aleatorio","50","preferencial","500","39","65","241"
"13","aleatorio","50","preferencial","500","48","73","205"
"20","aleatorio","50","preferencial","500","25","14","452"
"17","aleatorio","50","preferencial","500","39","46","342"
"16","aleatorio","50","preferencial","500","38","22","410"
"15","aleatorio","50","preferencial","500","40","65","240"
"13","aleatorio","50","preferencial","500","49","74","203"
"20","aleatorio","50","preferencial","500","26","14","451"
"21","amigos","50","aleatoria","500","5","11","477"
"17","aleatorio","50","preferencial","500","40","46","342"
"16","aleatorio","50","preferencial","500","39","22","410"
"18","aleatorio","50","preferencial","500","41","75","187"
"21","amigos","50","aleatoria","500","6","12","469"
"20","aleatorio","50","preferencial","500","27","13","451"
"13","aleatorio","50","preferencial","500","50","75","203"
"16","aleatorio","50","preferencial","500","40","22","410"
"15","aleatorio","50","preferencial","500","41","65","240"
"20","aleatorio","50","preferencial","500","28","13","450"
"17","aleatorio","50","preferencial","500","41","46","341"
"19","aleatorio","50","preferencial","500","29","45","308"
"18","aleatorio","50","preferencial","500","42","75","187"
"15","aleatorio","50","preferencial","500","42","85","154"
"21","amigos","50","aleatoria","500","7","14","466"
"16","aleatorio","50","preferencial","500","41","22","409"
"17","aleatorio","50","preferencial","500","42","46","340"
"19","aleatorio","50","preferencial","500","30","45","308"
"18","aleatorio","50","preferencial","500","43","75","186"
"16","aleatorio","50","preferencial","500","42","22","408"
"17","aleatorio","50","preferencial","500","43","46","339"
"19","aleatorio","50","preferencial","500","31","45","307"
"15","aleatorio","50","preferencial","500","43","85","153"
"18","aleatorio","50","preferencial","500","44","96","186"
"20","aleatorio","50","preferencial","500","29","13","449"
"22","amigos","50","aleatoria","500","0","1","500"
"17","aleatorio","50","preferencial","500","44","55","339"
"19","aleatorio","50","preferencial","500","32","45","307"
"18","aleatorio","50","preferencial","500","45","96","185"
"16","aleatorio","50","preferencial","500","43","26","399"
"18","aleatorio","50","preferencial","500","46","96","184"
"17","aleatorio","50","preferencial","500","45","55","339"
"19","aleatorio","50","preferencial","500","33","45","306"
"15","aleatorio","50","preferencial","500","44","85","152"
"20","aleatorio","50","preferencial","500","30","13","448"
"22","amigos","50","aleatoria","500","1","2","498"
"18","aleatorio","50","preferencial","500","47","96","184"
"19","aleatorio","50","preferencial","500","34","45","305"
"15","aleatorio","50","preferencial","500","45","86","152"
"17","aleatorio","50","preferencial","500","46","55","338"
"20","aleatorio","50","preferencial","500","31","13","447"
"16","aleatorio","50","preferencial","500","44","29","395"
"18","aleatorio","50","preferencial","500","48","96","183"
"19","aleatorio","50","preferencial","500","35","46","303"
"17","aleatorio","50","preferencial","500","47","55","337"
"18","aleatorio","50","preferencial","500","49","96","183"
"16","aleatorio","50","preferencial","500","45","29","394"
"17","aleatorio","50","preferencial","500","48","55","336"
"15","aleatorio","50","preferencial","500","46","86","152"
"18","aleatorio","50","preferencial","500","50","97","181"
"20","aleatorio","50","preferencial","500","32","14","445"
"16","aleatorio","50","preferencial","500","46","72","147"
"17","aleatorio","50","preferencial","500","49","55","335"
"22","amigos","50","aleatoria","500","2","6","488"
"21","amigos","50","aleatoria","500","8","16","458"
"15","aleatorio","50","preferencial","500","47","89","121"
"17","aleatorio","50","preferencial","500","50","55","334"
"23","amigos","50","aleatoria","500","0","1","500"
"15","aleatorio","50","preferencial","500","48","89","121"
"16","aleatorio","50","preferencial","500","47","71","147"
"23","amigos","50","aleatoria","500","1","2","498"
"15","aleatorio","50","preferencial","500","49","89","121"
"20","aleatorio","50","preferencial","500","33","14","444"
"22","amigos","50","aleatoria","500","3","8","485"
"24","amigos","50","aleatoria","500","0","1","500"
"16","aleatorio","50","preferencial","500","48","70","147"
"21","amigos","50","aleatoria","500","9","16","457"
"23","amigos","50","aleatoria","500","2","2","497"
"24","amigos","50","aleatoria","500","1","5","490"
"15","aleatorio","50","preferencial","500","50","91","121"
"20","aleatorio","50","preferencial","500","34","14","443"
"22","amigos","50","aleatoria","500","4","10","482"
"16","aleatorio","50","preferencial","500","49","70","147"
"23","amigos","50","aleatoria","500","3","5","490"
"24","amigos","50","aleatoria","500","2","5","489"
"23","amigos","50","aleatoria","500","4","7","486"
"24","amigos","50","aleatoria","500","3","9","483"
"20","aleatorio","50","preferencial","500","35","15","441"
"16","aleatorio","50","preferencial","500","50","71","145"
"22","amigos","50","aleatoria","500","5","13","478"
"23","amigos","50","aleatoria","500","5","12","468"
"24","amigos","50","aleatoria","500","4","12","479"
"23","amigos","50","aleatoria","500","6","14","458"
"20","aleatorio","50","preferencial","500","36","16","439"
"21","amigos","50","aleatoria","500","10","17","455"
"23","amigos","50","aleatoria","500","7","16","454"
"20","aleatorio","50","preferencial","500","37","24","330"
"22","amigos","50","aleatoria","500","6","14","476"
"21","amigos","50","aleatoria","500","11","17","454"
"26","amigos","50","aleatoria","500","0","1","500"
"19","aleatorio","50","preferencial","500","36","46","302"
"21","amigos","50","aleatoria","500","12","20","450"
"20","aleatorio","50","preferencial","500","38","26","330"
"26","amigos","50","aleatoria","500","1","2","498"
"24","amigos","50","aleatoria","500","5","14","475"
"19","aleatorio","50","preferencial","500","37","46","301"
"20","aleatorio","50","preferencial","500","39","26","329"
"21","amigos","50","aleatoria","500","13","20","449"
"19","aleatorio","50","preferencial","500","38","46","301"
"26","amigos","50","aleatoria","500","2","4","495"
"20","aleatorio","50","preferencial","500","40","26","329"
"19","aleatorio","50","preferencial","500","39","49","294"
"21","amigos","50","aleatoria","500","14","24","438"
"26","amigos","50","aleatoria","500","3","14","460"
"20","aleatorio","50","preferencial","500","41","26","328"
"19","aleatorio","50","preferencial","500","40","49","294"
"21","amigos","50","aleatoria","500","15","25","436"
"26","amigos","50","aleatoria","500","4","20","449"
"20","aleatorio","50","preferencial","500","42","26","328"
"19","aleatorio","50","preferencial","500","41","49","293"
"21","amigos","50","aleatoria","500","16","26","434"
"20","aleatorio","50","preferencial","500","43","26","327"
"26","amigos","50","aleatoria","500","5","22","445"
"19","aleatorio","50","preferencial","500","42","49","292"
"20","aleatorio","50","preferencial","500","44","26","326"
"26","amigos","50","aleatoria","500","6","23","445"
"19","aleatorio","50","preferencial","500","43","86","98"
"21","amigos","50","aleatoria","500","17","27","431"
"20","aleatorio","50","preferencial","500","45","26","326"
"19","aleatorio","50","preferencial","500","44","86","98"
"21","amigos","50","aleatoria","500","18","28","429"
"26","amigos","50","aleatoria","500","7","26","440"
"23","amigos","50","aleatoria","500","8","16","453"
"19","aleatorio","50","preferencial","500","45","87","96"
"20","aleatorio","50","preferencial","500","46","28","326"
"21","amigos","50","aleatoria","500","19","28","428"
"25","amigos","50","aleatoria","500","0","1","500"
"20","aleatorio","50","preferencial","500","47","28","325"
"22","amigos","50","aleatoria","500","7","15","474"
"23","amigos","50","aleatoria","500","9","19","443"
"19","aleatorio","50","preferencial","500","46","87","96"
"21","amigos","50","aleatoria","500","20","29","426"
"22","amigos","50","aleatoria","500","8","21","330"
"23","amigos","50","aleatoria","500","10","23","438"
"19","aleatorio","50","preferencial","500","47","89","96"
"25","amigos","50","aleatoria","500","1","8","437"
"21","amigos","50","aleatoria","500","21","31","423"
"22","amigos","50","aleatoria","500","9","22","328"
"23","amigos","50","aleatoria","500","11","26","434"
"24","amigos","50","aleatoria","500","6","14","474"
"19","aleatorio","50","preferencial","500","48","89","96"
"21","amigos","50","aleatoria","500","22","31","422"
"25","amigos","50","aleatoria","500","2","19","196"
"22","amigos","50","aleatoria","500","10","24","325"
"19","aleatorio","50","preferencial","500","49","93","96"
"23","amigos","50","aleatoria","500","12","27","432"
"21","amigos","50","aleatoria","500","23","34","399"
"19","aleatorio","50","preferencial","500","50","93","96"
"23","amigos","50","aleatoria","500","13","30","428"
"22","amigos","50","aleatoria","500","11","24","324"
"26","amigos","50","aleatoria","500","8","28","437"
"23","amigos","50","aleatoria","500","14","31","426"
"21","amigos","50","aleatoria","500","24","35","397"
"22","amigos","50","aleatoria","500","12","29","305"
"26","amigos","50","aleatoria","500","9","32","418"
"21","amigos","50","aleatoria","500","25","35","396"
"23","amigos","50","aleatoria","500","15","35","419"
"22","amigos","50","aleatoria","500","13","29","304"
"26","amigos","50","aleatoria","500","10","35","418"
"21","amigos","50","aleatoria","500","26","39","344"
"23","amigos","50","aleatoria","500","16","38","414"
"22","amigos","50","aleatoria","500","14","31","299"
"27","amigos","50","aleatoria","500","0","1","500"
"20","aleatorio","50","preferencial","500","48","35","296"
"23","amigos","50","aleatoria","500","17","42","329"
"21","amigos","50","aleatoria","500","27","40","342"
"26","amigos","50","aleatoria","500","11","36","416"
"22","amigos","50","aleatoria","500","15","32","297"
"20","aleatorio","50","preferencial","500","49","35","295"
"27","amigos","50","aleatoria","500","1","1","499"
"23","amigos","50","aleatoria","500","18","43","327"
"26","amigos","50","aleatoria","500","12","39","411"
"27","amigos","50","aleatoria","500","2","1","498"
"21","amigos","50","aleatoria","500","28","41","340"
"20","aleatorio","50","preferencial","500","50","35","295"
"22","amigos","50","aleatoria","500","16","32","297"
"26","amigos","50","aleatoria","500","13","40","409"
"23","amigos","50","aleatoria","500","19","44","327"
"25","amigos","50","aleatoria","500","3","20","196"
"22","amigos","50","aleatoria","500","17","33","295"
"21","amigos","50","aleatoria","500","29","41","339"
"27","amigos","50","aleatoria","500","3","6","490"
"23","amigos","50","aleatoria","500","20","52","293"
"21","amigos","50","aleatoria","500","30","43","339"
"22","amigos","50","aleatoria","500","18","33","294"
"26","amigos","50","aleatoria","500","14","44","355"
"24","amigos","50","aleatoria","500","7","17","460"
"25","amigos","50","aleatoria","500","4","23","189"
"27","amigos","50","aleatoria","500","4","8","486"
"21","amigos","50","aleatoria","500","31","47","306"
"23","amigos","50","aleatoria","500","21","58","200"
"26","amigos","50","aleatoria","500","15","44","354"
"22","amigos","50","aleatoria","500","19","33","293"
"28","amigos","50","aleatoria","500","0","1","500"
"24","amigos","50","aleatoria","500","8","17","459"
"27","amigos","50","aleatoria","500","5","11","477"
"25","amigos","50","aleatoria","500","5","24","189"
"26","amigos","50","aleatoria","500","16","46","351"
"22","amigos","50","aleatoria","500","20","35","288"
"23","amigos","50","aleatoria","500","22","61","195"
"24","amigos","50","aleatoria","500","9","20","454"
"28","amigos","50","aleatoria","500","1","1","499"
"27","amigos","50","aleatoria","500","6","13","474"
"25","amigos","50","aleatoria","500","6","25","189"
"23","amigos","50","aleatoria","500","23","62","193"
"24","amigos","50","aleatoria","500","10","21","452"
"26","amigos","50","aleatoria","500","17","51","305"
"27","amigos","50","aleatoria","500","7","14","472"
"28","amigos","50","aleatoria","500","2","1","498"
"22","amigos","50","aleatoria","500","21","37","285"
"23","amigos","50","aleatoria","500","24","62","192"
"24","amigos","50","aleatoria","500","11","23","452"
"25","amigos","50","aleatoria","500","7","26","189"
"27","amigos","50","aleatoria","500","8","14","471"
"28","amigos","50","aleatoria","500","3","4","467"
"26","amigos","50","aleatoria","500","18","51","305"
"23","amigos","50","aleatoria","500","25","67","177"
"22","amigos","50","aleatoria","500","22","38","283"
"25","amigos","50","aleatoria","500","8","28","189"
"27","amigos","50","aleatoria","500","9","16","462"
"24","amigos","50","aleatoria","500","12","23","451"
"26","amigos","50","aleatoria","500","19","51","305"
"28","amigos","50","aleatoria","500","4","7","461"
"23","amigos","50","aleatoria","500","26","69","177"
"25","amigos","50","aleatoria","500","9","31","181"
"22","amigos","50","aleatoria","500","23","42","277"
"26","amigos","50","aleatoria","500","20","53","301"
"23","amigos","50","aleatoria","500","27","69","177"
"24","amigos","50","aleatoria","500","13","24","447"
"28","amigos","50","aleatoria","500","5","13","422"
"21","amigos","50","aleatoria","500","32","47","305"
"25","amigos","50","aleatoria","500","10","32","181"
"26","amigos","50","aleatoria","500","21","57","301"
"22","amigos","50","aleatoria","500","24","42","277"
"28","amigos","50","aleatoria","500","6","17","422"
"23","amigos","50","aleatoria","500","28","73","177"
"24","amigos","50","aleatoria","500","14","25","445"
"21","amigos","50","aleatoria","500","33","49","301"
"25","amigos","50","aleatoria","500","11","35","176"
"26","amigos","50","aleatoria","500","22","59","298"
"22","amigos","50","aleatoria","500","25","45","277"
"28","amigos","50","aleatoria","500","7","22","392"
"23","amigos","50","aleatoria","500","29","73","177"
"24","amigos","50","aleatoria","500","15","26","443"
"21","amigos","50","aleatoria","500","34","56","282"
"25","amigos","50","aleatoria","500","12","35","175"
"22","amigos","50","aleatoria","500","26","47","272"
"21","amigos","50","aleatoria","500","35","58","279"
"26","amigos","50","aleatoria","500","23","60","298"
"24","amigos","50","aleatoria","500","16","26","442"
"28","amigos","50","aleatoria","500","8","25","387"
"25","amigos","50","aleatoria","500","13","36","175"
"23","amigos","50","aleatoria","500","30","77","177"
"24","amigos","50","aleatoria","500","17","27","440"
"26","amigos","50","aleatoria","500","24","62","295"
"21","amigos","50","aleatoria","500","36","60","264"
"23","amigos","50","aleatoria","500","31","81","120"
"28","amigos","50","aleatoria","500","9","26","385"
"22","amigos","50","aleatoria","500","27","48","270"
"24","amigos","50","aleatoria","500","18","28","438"
"21","amigos","50","aleatoria","500","37","61","262"
"25","amigos","50","aleatoria","500","14","38","172"
"26","amigos","50","aleatoria","500","25","63","293"
"23","amigos","50","aleatoria","500","32","86","120"
"27","amigos","50","aleatoria","500","10","16","461"
"28","amigos","50","aleatoria","500","10","26","385"
"24","amigos","50","aleatoria","500","19","29","435"
"25","amigos","50","aleatoria","500","15","39","172"
"22","amigos","50","aleatoria","500","28","50","264"
"28","amigos","50","aleatoria","500","11","28","378"
"26","amigos","50","aleatoria","500","26","67","270"
"24","amigos","50","aleatoria","500","20","29","434"
"21","amigos","50","aleatoria","500","38","62","262"
"23","amigos","50","aleatoria","500","33","86","119"
"25","amigos","50","aleatoria","500","16","39","172"
"22","amigos","50","aleatoria","500","29","53","264"
"28","amigos","50","aleatoria","500","12","30","370"
"24","amigos","50","aleatoria","500","21","29","433"
"27","amigos","50","aleatoria","500","11","17","458"
"21","amigos","50","aleatoria","500","39","65","262"
"26","amigos","50","aleatoria","500","27","68","270"
"25","amigos","50","aleatoria","500","17","43","151"
"21","amigos","50","aleatoria","500","40","69","250"
"24","amigos","50","aleatoria","500","22","29","433"
"27","amigos","50","aleatoria","500","12","19","458"
"28","amigos","50","aleatoria","500","13","30","370"
"22","amigos","50","aleatoria","500","30","54","262"
"26","amigos","50","aleatoria","500","28","68","269"
"21","amigos","50","aleatoria","500","41","70","250"
"25","amigos","50","aleatoria","500","18","44","149"
"28","amigos","50","aleatoria","500","14","30","369"
"26","amigos","50","aleatoria","500","29","68","268"
"27","amigos","50","aleatoria","500","13","20","455"
"24","amigos","50","aleatoria","500","23","32","429"
"21","amigos","50","aleatoria","500","42","72","247"
"25","amigos","50","aleatoria","500","19","46","145"
"28","amigos","50","aleatoria","500","15","30","368"
"22","amigos","50","aleatoria","500","31","55","260"
"27","amigos","50","aleatoria","500","14","21","453"
"21","amigos","50","aleatoria","500","43","74","247"
"24","amigos","50","aleatoria","500","24","33","427"
"26","amigos","50","aleatoria","500","30","69","268"
"28","amigos","50","aleatoria","500","16","30","368"
"25","amigos","50","aleatoria","500","20","48","145"
"27","amigos","50","aleatoria","500","15","21","453"
"21","amigos","50","aleatoria","500","44","74","246"
"24","amigos","50","aleatoria","500","25","34","420"
"26","amigos","50","aleatoria","500","31","71","268"
"22","amigos","50","aleatoria","500","32","57","260"
"25","amigos","50","aleatoria","500","21","54","145"
"24","amigos","50","aleatoria","500","26","36","417"
"27","amigos","50","aleatoria","500","16","28","419"
"21","amigos","50","aleatoria","500","45","75","243"
"28","amigos","50","aleatoria","500","17","34","346"
"25","amigos","50","aleatoria","500","22","55","145"
"26","amigos","50","aleatoria","500","32","72","266"
"24","amigos","50","aleatoria","500","27","39","412"
"28","amigos","50","aleatoria","500","18","34","345"
"22","amigos","50","aleatoria","500","33","60","256"
"21","amigos","50","aleatoria","500","46","76","243"
"24","amigos","50","aleatoria","500","28","39","411"
"27","amigos","50","aleatoria","500","17","33","329"
"25","amigos","50","aleatoria","500","23","58","145"
"26","amigos","50","aleatoria","500","33","76","266"
"21","amigos","50","aleatoria","500","47","78","240"
"28","amigos","50","aleatoria","500","19","35","343"
"24","amigos","50","aleatoria","500","29","41","408"
"27","amigos","50","aleatoria","500","18","34","327"
"25","amigos","50","aleatoria","500","24","58","144"
"26","amigos","50","aleatoria","500","34","76","266"
"21","amigos","50","aleatoria","500","48","78","240"
"24","amigos","50","aleatoria","500","30","42","406"
"28","amigos","50","aleatoria","500","20","36","341"
"26","amigos","50","aleatoria","500","35","76","265"
"27","amigos","50","aleatoria","500","19","36","327"
"25","amigos","50","aleatoria","500","25","58","144"
"21","amigos","50","aleatoria","500","49","78","240"
"23","amigos","50","aleatoria","500","34","89","119"
"28","amigos","50","aleatoria","500","21","37","339"
"27","amigos","50","aleatoria","500","20","41","307"
"26","amigos","50","aleatoria","500","36","76","265"
"22","amigos","50","aleatoria","500","34","62","253"
"21","amigos","50","aleatoria","500","50","78","240"
"23","amigos","50","aleatoria","500","35","89","119"
"25","amigos","50","aleatoria","500","26","62","144"
"28","amigos","50","aleatoria","500","22","38","336"
"26","amigos","50","aleatoria","500","37","77","263"
"27","amigos","50","aleatoria","500","21","42","304"
"23","amigos","50","aleatoria","500","36","91","119"
"25","amigos","50","aleatoria","500","27","65","128"
"23","amigos","50","aleatoria","500","37","91","118"
"27","amigos","50","aleatoria","500","22","43","304"
"22","amigos","50","aleatoria","500","35","66","244"
"29","amigos","50","aleatoria","500","0","1","500"
"26","amigos","50","aleatoria","500","38","80","263"
"25","amigos","50","aleatoria","500","28","67","128"
"23","amigos","50","aleatoria","500","38","91","118"
"27","amigos","50","aleatoria","500","23","44","302"
"22","amigos","50","aleatoria","500","36","72","206"
"26","amigos","50","aleatoria","500","39","80","262"
"29","amigos","50","aleatoria","500","1","3","496"
"25","amigos","50","aleatoria","500","29","69","128"
"23","amigos","50","aleatoria","500","39","92","116"
"22","amigos","50","aleatoria","500","37","71","206"
"27","amigos","50","aleatoria","500","24","44","302"
"26","amigos","50","aleatoria","500","40","80","262"
"29","amigos","50","aleatoria","500","2","4","494"
"25","amigos","50","aleatoria","500","30","70","128"
"23","amigos","50","aleatoria","500","40","95","112"
"22","amigos","50","aleatoria","500","38","70","206"
"26","amigos","50","aleatoria","500","41","82","256"
"27","amigos","50","aleatoria","500","25","45","299"
"29","amigos","50","aleatoria","500","3","12","346"
"23","amigos","50","aleatoria","500","41","99","112"
"25","amigos","50","aleatoria","500","31","71","128"
"26","amigos","50","aleatoria","500","42","83","254"
"22","amigos","50","aleatoria","500","39","71","204"
"29","amigos","50","aleatoria","500","4","13","346"
"25","amigos","50","aleatoria","500","32","77","128"
"23","amigos","50","aleatoria","500","42","100","112"
"27","amigos","50","aleatoria","500","26","45","298"
"28","amigos","50","aleatoria","500","23","39","334"
"22","amigos","50","aleatoria","500","40","79","121"
"26","amigos","50","aleatoria","500","43","84","254"
"24","amigos","50","aleatoria","500","31","43","402"
"23","amigos","50","aleatoria","500","43","107","112"
"29","amigos","50","aleatoria","500","5","20","226"
"27","amigos","50","aleatoria","500","27","45","298"
"26","amigos","50","aleatoria","500","44","85","250"
"25","amigos","50","aleatoria","500","33","80","118"
"28","amigos","50","aleatoria","500","24","43","334"
"22","amigos","50","aleatoria","500","41","81","121"
"26","amigos","50","aleatoria","500","45","86","248"
"29","amigos","50","aleatoria","500","6","23","226"
"25","amigos","50","aleatoria","500","34","82","111"
"28","amigos","50","aleatoria","500","25","44","334"
"26","amigos","50","aleatoria","500","46","85","248"
"27","amigos","50","aleatoria","500","28","46","296"
"23","amigos","50","aleatoria","500","44","109","112"
"24","amigos","50","aleatoria","500","32","44","400"
"22","amigos","50","aleatoria","500","42","81","121"
"26","amigos","50","aleatoria","500","47","89","243"
"25","amigos","50","aleatoria","500","35","85","111"
"29","amigos","50","aleatoria","500","7","24","217"
"24","amigos","50","aleatoria","500","33","45","398"
"27","amigos","50","aleatoria","500","29","46","296"
"23","amigos","50","aleatoria","500","45","111","112"
"28","amigos","50","aleatoria","500","26","44","333"
"22","amigos","50","aleatoria","500","43","84","105"
"24","amigos","50","aleatoria","500","34","46","396"
"27","amigos","50","aleatoria","500","30","50","296"
"29","amigos","50","aleatoria","500","8","28","210"
"28","amigos","50","aleatoria","500","27","45","331"
"26","amigos","50","aleatoria","500","48","90","241"
"25","amigos","50","aleatoria","500","36","86","111"
"23","amigos","50","aleatoria","500","46","112","112"
"24","amigos","50","aleatoria","500","35","46","396"
"28","amigos","50","aleatoria","500","28","47","328"
"22","amigos","50","aleatoria","500","44","86","105"
"27","amigos","50","aleatoria","500","31","56","204"
"26","amigos","50","aleatoria","500","49","90","241"
"23","amigos","50","aleatoria","500","47","114","112"
"28","amigos","50","aleatoria","500","29","47","327"
"24","amigos","50","aleatoria","500","36","47","394"
"27","amigos","50","aleatoria","500","32","57","204"
"26","amigos","50","aleatoria","500","50","91","241"
"23","amigos","50","aleatoria","500","48","115","110"
"25","amigos","50","aleatoria","500","37","85","111"
"22","amigos","50","aleatoria","500","45","90","105"
"24","amigos","50","aleatoria","500","37","52","377"
"27","amigos","50","aleatoria","500","33","58","202"
"23","amigos","50","aleatoria","500","49","116","110"
"28","amigos","50","aleatoria","500","30","48","325"
"24","amigos","50","aleatoria","500","38","55","368"
"27","amigos","50","aleatoria","500","34","63","202"
"23","amigos","50","aleatoria","500","50","122","87"
"25","amigos","50","aleatoria","500","38","86","111"
"22","amigos","50","aleatoria","500","46","90","105"
"30","amigos","50","aleatoria","500","0","1","500"
"28","amigos","50","aleatoria","500","31","49","323"
"31","amigos","50","preferencial","500","0","1","500"
"27","amigos","50","aleatoria","500","35","65","202"
"25","amigos","50","aleatoria","500","39","86","111"
"30","amigos","50","aleatoria","500","1","1","499"
"22","amigos","50","aleatoria","500","47","94","97"
"24","amigos","50","aleatoria","500","39","56","366"
"28","amigos","50","aleatoria","500","32","50","321"
"25","amigos","50","aleatoria","500","40","88","111"
"31","amigos","50","preferencial","500","1","45","206"
"27","amigos","50","aleatoria","500","36","66","200"
"24","amigos","50","aleatoria","500","40","56","366"
"29","amigos","50","aleatoria","500","9","30","206"
"30","amigos","50","aleatoria","500","2","6","415"
"22","amigos","50","aleatoria","500","48","95","95"
"28","amigos","50","aleatoria","500","33","52","318"
"31","amigos","50","preferencial","500","2","49","206"
"27","amigos","50","aleatoria","500","37","69","200"
"24","amigos","50","aleatoria","500","41","58","363"
"30","amigos","50","aleatoria","500","3","7","413"
"27","amigos","50","aleatoria","500","38","69","200"
"31","amigos","50","preferencial","500","3","59","206"
"25","amigos","50","aleatoria","500","41","89","111"
"29","amigos","50","aleatoria","500","10","39","166"
"22","amigos","50","aleatoria","500","49","97","95"
"28","amigos","50","aleatoria","500","34","55","312"
"24","amigos","50","aleatoria","500","42","61","358"
"27","amigos","50","aleatoria","500","39","71","200"
"30","amigos","50","aleatoria","500","4","7","412"
"25","amigos","50","aleatoria","500","42","91","111"
"31","amigos","50","preferencial","500","4","60","206"
"24","amigos","50","aleatoria","500","43","62","356"
"22","amigos","50","aleatoria","500","50","103","95"
"28","amigos","50","aleatoria","500","35","58","303"
"30","amigos","50","aleatoria","500","5","9","409"
"27","amigos","50","aleatoria","500","40","72","200"
"29","amigos","50","aleatoria","500","11","40","164"
"31","amigos","50","preferencial","500","5","66","191"
"24","amigos","50","aleatoria","500","44","65","352"
"30","amigos","50","aleatoria","500","6","15","267"
"28","amigos","50","aleatoria","500","36","61","299"
"25","amigos","50","aleatoria","500","43","91","111"
"29","amigos","50","aleatoria","500","12","40","164"
"27","amigos","50","aleatoria","500","41","72","199"
"24","amigos","50","aleatoria","500","45","67","349"
"30","amigos","50","aleatoria","500","7","17","262"
"32","amigos","50","preferencial","500","0","1","500"
"28","amigos","50","aleatoria","500","37","61","298"
"31","amigos","50","preferencial","500","6","66","191"
"29","amigos","50","aleatoria","500","13","43","164"
"30","amigos","50","aleatoria","500","8","19","262"
"24","amigos","50","aleatoria","500","46","68","349"
"25","amigos","50","aleatoria","500","44","93","111"
"32","amigos","50","preferencial","500","1","2","498"
"27","amigos","50","aleatoria","500","42","73","199"
"29","amigos","50","aleatoria","500","14","46","155"
"30","amigos","50","aleatoria","500","9","22","257"
"25","amigos","50","aleatoria","500","45","96","107"
"28","amigos","50","aleatoria","500","38","61","298"
"24","amigos","50","aleatoria","500","47","69","347"
"31","amigos","50","preferencial","500","7","69","191"
"29","amigos","50","aleatoria","500","15","48","155"
"30","amigos","50","aleatoria","500","10","26","251"
"27","amigos","50","aleatoria","500","43","73","198"
"24","amigos","50","aleatoria","500","48","71","343"
"31","amigos","50","preferencial","500","8","70","191"
"29","amigos","50","aleatoria","500","16","49","155"
"24","amigos","50","aleatoria","500","49","72","343"
"30","amigos","50","aleatoria","500","11","28","251"
"27","amigos","50","aleatoria","500","44","76","198"
"31","amigos","50","preferencial","500","9","71","189"
"29","amigos","50","aleatoria","500","17","50","155"
"24","amigos","50","aleatoria","500","50","74","343"
"27","amigos","50","aleatoria","500","45","76","198"
"29","amigos","50","aleatoria","500","18","51","153"
"33","amigos","50","preferencial","500","0","1","500"
"28","amigos","50","aleatoria","500","39","64","283"
"32","amigos","50","preferencial","500","2","12","480"
"25","amigos","50","aleatoria","500","46","100","107"
"27","amigos","50","aleatoria","500","46","76","197"
"29","amigos","50","aleatoria","500","19","53","153"
"25","amigos","50","aleatoria","500","47","100","107"
"27","amigos","50","aleatoria","500","47","77","195"
"33","amigos","50","preferencial","500","1","2","498"
"29","amigos","50","aleatoria","500","20","53","153"
"25","amigos","50","aleatoria","500","48","101","107"
"27","amigos","50","aleatoria","500","48","81","195"
"33","amigos","50","preferencial","500","2","4","493"
"29","amigos","50","aleatoria","500","21","54","153"
"27","amigos","50","aleatoria","500","49","81","194"
"25","amigos","50","aleatoria","500","49","103","104"
"33","amigos","50","preferencial","500","3","5","490"
"29","amigos","50","aleatoria","500","22","57","148"
"27","amigos","50","aleatoria","500","50","82","194"
"33","amigos","50","preferencial","500","4","5","489"
"29","amigos","50","aleatoria","500","23","60","148"
"25","amigos","50","aleatoria","500","50","104","104"
"34","amigos","50","preferencial","500","0","1","500"
"33","amigos","50","preferencial","500","5","19","447"
"29","amigos","50","aleatoria","500","24","61","146"
"30","amigos","50","aleatoria","500","12","30","247"
"34","amigos","50","preferencial","500","1","9","491"
"31","amigos","50","preferencial","500","10","72","189"
"29","amigos","50","aleatoria","500","25","61","145"
"34","amigos","50","preferencial","500","2","34","431"
"35","amigos","50","preferencial","500","0","1","500"
"31","amigos","50","preferencial","500","11","81","189"
"29","amigos","50","aleatoria","500","26","61","145"
"34","amigos","50","preferencial","500","3","76","148"
"33","amigos","50","preferencial","500","6","35","364"
"29","amigos","50","aleatoria","500","27","66","116"
"31","amigos","50","preferencial","500","12","83","186"
"28","amigos","50","aleatoria","500","40","64","282"
"32","amigos","50","preferencial","500","3","21","466"
"34","amigos","50","preferencial","500","4","79","132"
"29","amigos","50","aleatoria","500","28","66","116"
"35","amigos","50","preferencial","500","1","1","499"
"33","amigos","50","preferencial","500","7","38","364"
"31","amigos","50","preferencial","500","13","128","77"
"28","amigos","50","aleatoria","500","41","66","276"
"32","amigos","50","preferencial","500","4","41","276"
"34","amigos","50","preferencial","500","5","81","132"
"29","amigos","50","aleatoria","500","29","69","116"
"31","amigos","50","preferencial","500","14","128","77"
"28","amigos","50","aleatoria","500","42","67","272"
"34","amigos","50","preferencial","500","6","82","132"
"29","amigos","50","aleatoria","500","30","69","116"
"32","amigos","50","preferencial","500","5","44","271"
"31","amigos","50","preferencial","500","15","132","77"
"28","amigos","50","aleatoria","500","43","68","272"
"34","amigos","50","preferencial","500","7","82","132"
"29","amigos","50","aleatoria","500","31","69","116"
"31","amigos","50","preferencial","500","16","133","77"
"32","amigos","50","preferencial","500","6","56","213"
"29","amigos","50","aleatoria","500","32","70","116"
"28","amigos","50","aleatoria","500","44","70","267"
"31","amigos","50","preferencial","500","17","133","76"
"34","amigos","50","preferencial","500","8","82","132"
"32","amigos","50","preferencial","500","7","57","211"
"28","amigos","50","aleatoria","500","45","78","107"
"29","amigos","50","aleatoria","500","33","71","116"
"31","amigos","50","preferencial","500","18","133","76"
"34","amigos","50","preferencial","500","9","85","132"
"32","amigos","50","preferencial","500","8","58","209"
"31","amigos","50","preferencial","500","19","136","76"
"34","amigos","50","preferencial","500","10","86","132"
"28","amigos","50","aleatoria","500","46","81","107"
"29","amigos","50","aleatoria","500","34","75","116"
"32","amigos","50","preferencial","500","9","64","209"
"31","amigos","50","preferencial","500","20","136","75"
"28","amigos","50","aleatoria","500","47","85","102"
"34","amigos","50","preferencial","500","11","86","132"
"29","amigos","50","aleatoria","500","35","76","114"
"28","amigos","50","aleatoria","500","48","89","85"
"31","amigos","50","preferencial","500","21","136","74"
"34","amigos","50","preferencial","500","12","86","132"
"28","amigos","50","aleatoria","500","49","90","85"
"33","amigos","50","preferencial","500","8","77","301"
"31","amigos","50","preferencial","500","22","138","71"
"32","amigos","50","preferencial","500","10","65","207"
"35","amigos","50","preferencial","500","2","11","474"
"28","amigos","50","aleatoria","500","50","92","85"
"31","amigos","50","preferencial","500","23","143","62"
"33","amigos","50","preferencial","500","9","79","301"
"35","amigos","50","preferencial","500","3","14","466"
"32","amigos","50","preferencial","500","11","69","188"
"29","amigos","50","aleatoria","500","36","79","103"
"31","amigos","50","preferencial","500","24","144","62"
"33","amigos","50","preferencial","500","10","79","300"
"30","amigos","50","aleatoria","500","13","33","242"
"32","amigos","50","preferencial","500","12","79","188"
"35","amigos","50","preferencial","500","4","14","465"
"36","amigos","50","preferencial","500","0","1","500"
"31","amigos","50","preferencial","500","25","145","62"
"30","amigos","50","aleatoria","500","14","36","242"
"33","amigos","50","preferencial","500","11","81","300"
"29","amigos","50","aleatoria","500","37","81","103"
"32","amigos","50","preferencial","500","13","83","181"
"35","amigos","50","preferencial","500","5","14","464"
"34","amigos","50","preferencial","500","13","86","132"
"30","amigos","50","aleatoria","500","15","39","242"
"33","amigos","50","preferencial","500","12","84","296"
"31","amigos","50","preferencial","500","26","146","62"
"29","amigos","50","aleatoria","500","38","83","100"
"35","amigos","50","preferencial","500","6","16","461"
"29","amigos","50","aleatoria","500","39","83","100"
"31","amigos","50","preferencial","500","27","146","62"
"34","amigos","50","preferencial","500","14","91","132"
"35","amigos","50","preferencial","500","7","18","457"
"32","amigos","50","preferencial","500","14","84","181"
"30","amigos","50","aleatoria","500","16","39","242"
"33","amigos","50","preferencial","500","13","85","296"
"31","amigos","50","preferencial","500","28","146","62"
"34","amigos","50","preferencial","500","15","99","117"
"29","amigos","50","aleatoria","500","40","83","100"
"35","amigos","50","preferencial","500","8","20","454"
"30","amigos","50","aleatoria","500","17","40","240"
"33","amigos","50","preferencial","500","14","85","295"
"31","amigos","50","preferencial","500","29","147","62"
"34","amigos","50","preferencial","500","16","104","117"
"36","amigos","50","preferencial","500","1","2","498"
"32","amigos","50","preferencial","500","15","90","181"
"35","amigos","50","preferencial","500","9","32","368"
"29","amigos","50","aleatoria","500","41","85","100"
"30","amigos","50","aleatoria","500","18","41","230"
"33","amigos","50","preferencial","500","15","86","293"
"31","amigos","50","preferencial","500","30","149","62"
"34","amigos","50","preferencial","500","17","106","117"
"36","amigos","50","preferencial","500","2","2","497"
"35","amigos","50","preferencial","500","10","32","367"
"32","amigos","50","preferencial","500","16","94","181"
"29","amigos","50","aleatoria","500","42","86","98"
"30","amigos","50","aleatoria","500","19","42","228"
"31","amigos","50","preferencial","500","31","157","62"
"33","amigos","50","preferencial","500","16","92","284"
"34","amigos","50","preferencial","500","18","106","116"
"36","amigos","50","preferencial","500","3","5","491"
"29","amigos","50","aleatoria","500","43","89","94"
"32","amigos","50","preferencial","500","17","97","176"
"35","amigos","50","preferencial","500","11","34","363"
"30","amigos","50","aleatoria","500","20","44","225"
"33","amigos","50","preferencial","500","17","96","284"
"31","amigos","50","preferencial","500","32","157","62"
"34","amigos","50","preferencial","500","19","109","116"
"32","amigos","50","preferencial","500","18","97","176"
"36","amigos","50","preferencial","500","4","7","488"
"35","amigos","50","preferencial","500","12","110","44"
"30","amigos","50","aleatoria","500","21","49","215"
"31","amigos","50","preferencial","500","33","157","62"
"33","amigos","50","preferencial","500","18","102","275"
"29","amigos","50","aleatoria","500","44","90","94"
"32","amigos","50","preferencial","500","19","98","176"
"30","amigos","50","aleatoria","500","22","54","215"
"36","amigos","50","preferencial","500","5","21","441"
"34","amigos","50","preferencial","500","20","110","116"
"35","amigos","50","preferencial","500","13","110","43"
"31","amigos","50","preferencial","500","34","157","62"
"33","amigos","50","preferencial","500","19","103","272"
"29","amigos","50","aleatoria","500","45","90","94"
"32","amigos","50","preferencial","500","20","99","176"
"30","amigos","50","aleatoria","500","23","55","215"
"34","amigos","50","preferencial","500","21","112","116"
"36","amigos","50","preferencial","500","6","25","421"
"35","amigos","50","preferencial","500","14","110","43"
"31","amigos","50","preferencial","500","35","157","62"
"33","amigos","50","preferencial","500","20","105","272"
"29","amigos","50","aleatoria","500","46","91","94"
"32","amigos","50","preferencial","500","21","114","176"
"30","amigos","50","aleatoria","500","24","55","214"
"34","amigos","50","preferencial","500","22","122","90"
"31","amigos","50","preferencial","500","36","159","62"
"36","amigos","50","preferencial","500","7","30","403"
"35","amigos","50","preferencial","500","15","110","43"
"29","amigos","50","aleatoria","500","47","94","94"
"33","amigos","50","preferencial","500","21","105","271"
"30","amigos","50","aleatoria","500","25","60","137"
"32","amigos","50","preferencial","500","22","114","176"
"31","amigos","50","preferencial","500","37","165","62"
"34","amigos","50","preferencial","500","23","123","90"
"36","amigos","50","preferencial","500","8","30","402"
"29","amigos","50","aleatoria","500","48","96","94"
"33","amigos","50","preferencial","500","22","106","269"
"35","amigos","50","preferencial","500","16","110","43"
"30","amigos","50","aleatoria","500","26","64","137"
"31","amigos","50","preferencial","500","38","169","62"
"32","amigos","50","preferencial","500","23","117","172"
"34","amigos","50","preferencial","500","24","123","89"
"33","amigos","50","preferencial","500","23","109","269"
"29","amigos","50","aleatoria","500","49","96","94"
"36","amigos","50","preferencial","500","9","34","397"
"30","amigos","50","aleatoria","500","27","66","134"
"35","amigos","50","preferencial","500","17","110","43"
"34","amigos","50","preferencial","500","25","123","89"
"29","amigos","50","aleatoria","500","50","96","94"
"33","amigos","50","preferencial","500","24","112","262"
"36","amigos","50","preferencial","500","10","37","397"
"32","amigos","50","preferencial","500","24","118","172"
"34","amigos","50","preferencial","500","26","123","89"
"30","amigos","50","aleatoria","500","28","66","134"
"33","amigos","50","preferencial","500","25","114","262"
"37","amigos","50","preferencial","500","0","1","500"
"35","amigos","50","preferencial","500","18","111","43"
"36","amigos","50","preferencial","500","11","43","390"
"34","amigos","50","preferencial","500","27","124","87"
"33","amigos","50","preferencial","500","26","114","261"
"30","amigos","50","aleatoria","500","29","69","134"
"37","amigos","50","preferencial","500","1","4","496"
"35","amigos","50","preferencial","500","19","128","43"
"34","amigos","50","preferencial","500","28","131","80"
"32","amigos","50","preferencial","500","25","118","172"
"36","amigos","50","preferencial","500","12","96","65"
"33","amigos","50","preferencial","500","27","114","260"
"30","amigos","50","aleatoria","500","30","72","134"
"37","amigos","50","preferencial","500","2","8","487"
"34","amigos","50","preferencial","500","29","131","80"
"35","amigos","50","preferencial","500","20","134","43"
"33","amigos","50","preferencial","500","28","114","259"
"30","amigos","50","aleatoria","500","31","77","134"
"37","amigos","50","preferencial","500","3","10","484"
"34","amigos","50","preferencial","500","30","152","80"
"33","amigos","50","preferencial","500","29","116","256"
"32","amigos","50","preferencial","500","26","120","172"
"36","amigos","50","preferencial","500","13","96","65"
"34","amigos","50","preferencial","500","31","152","80"
"37","amigos","50","preferencial","500","4","10","483"
"30","amigos","50","aleatoria","500","32","77","134"
"31","amigos","50","preferencial","500","39","179","48"
"33","amigos","50","preferencial","500","30","115","256"
"35","amigos","50","preferencial","500","21","134","43"
"32","amigos","50","preferencial","500","27","121","172"
"36","amigos","50","preferencial","500","14","96","65"
"34","amigos","50","preferencial","500","32","160","80"
"37","amigos","50","preferencial","500","5","12","480"
"31","amigos","50","preferencial","500","40","179","48"
"33","amigos","50","preferencial","500","31","115","255"
"30","amigos","50","aleatoria","500","33","80","134"
"35","amigos","50","preferencial","500","22","135","43"
"34","amigos","50","preferencial","500","33","162","77"
"32","amigos","50","preferencial","500","28","121","172"
"36","amigos","50","preferencial","500","15","116","41"
"37","amigos","50","preferencial","500","6","13","478"
"31","amigos","50","preferencial","500","41","179","48"
"33","amigos","50","preferencial","500","32","121","231"
"34","amigos","50","preferencial","500","34","163","77"
"31","amigos","50","preferencial","500","42","181","48"
"30","amigos","50","aleatoria","500","34","80","134"
"35","amigos","50","preferencial","500","23","135","43"
"37","amigos","50","preferencial","500","7","14","476"
"36","amigos","50","preferencial","500","16","117","41"
"32","amigos","50","preferencial","500","29","123","172"
"34","amigos","50","preferencial","500","35","165","77"
"30","amigos","50","aleatoria","500","35","80","134"
"37","amigos","50","preferencial","500","8","17","472"
"36","amigos","50","preferencial","500","17","119","41"
"35","amigos","50","preferencial","500","24","135","43"
"33","amigos","50","preferencial","500","33","163","95"
"31","amigos","50","preferencial","500","43","181","48"
"30","amigos","50","aleatoria","500","36","83","134"
"34","amigos","50","preferencial","500","36","165","77"
"37","amigos","50","preferencial","500","9","19","467"
"36","amigos","50","preferencial","500","18","118","41"
"32","amigos","50","preferencial","500","30","151","63"
"33","amigos","50","preferencial","500","34","164","95"
"30","amigos","50","aleatoria","500","37","85","134"
"37","amigos","50","preferencial","500","10","23","460"
"35","amigos","50","preferencial","500","25","136","43"
"36","amigos","50","preferencial","500","19","119","41"
"31","amigos","50","preferencial","500","44","187","48"
"33","amigos","50","preferencial","500","35","166","95"
"34","amigos","50","preferencial","500","37","165","77"
"37","amigos","50","preferencial","500","11","23","459"
"30","amigos","50","aleatoria","500","38","85","134"
"36","amigos","50","preferencial","500","20","119","41"
"32","amigos","50","preferencial","500","31","151","63"
"33","amigos","50","preferencial","500","36","169","95"
"30","amigos","50","aleatoria","500","39","86","134"
"31","amigos","50","preferencial","500","45","191","43"
"37","amigos","50","preferencial","500","12","25","456"
"35","amigos","50","preferencial","500","26","136","43"
"33","amigos","50","preferencial","500","37","169","95"
"34","amigos","50","preferencial","500","38","166","77"
"37","amigos","50","preferencial","500","13","25","456"
"35","amigos","50","preferencial","500","27","142","35"
"33","amigos","50","preferencial","500","38","170","95"
"31","amigos","50","preferencial","500","46","191","42"
"34","amigos","50","preferencial","500","39","165","77"
"37","amigos","50","preferencial","500","14","28","452"
"30","amigos","50","aleatoria","500","40","87","134"
"32","amigos","50","preferencial","500","32","156","63"
"33","amigos","50","preferencial","500","39","171","95"
"36","amigos","50","preferencial","500","21","125","41"
"31","amigos","50","preferencial","500","47","192","42"
"35","amigos","50","preferencial","500","28","145","35"
"34","amigos","50","preferencial","500","40","165","77"
"30","amigos","50","aleatoria","500","41","90","134"
"33","amigos","50","preferencial","500","40","174","95"
"31","amigos","50","preferencial","500","48","192","42"
"32","amigos","50","preferencial","500","33","156","62"
"36","amigos","50","preferencial","500","22","125","41"
"33","amigos","50","preferencial","500","41","174","95"
"34","amigos","50","preferencial","500","41","165","77"
"31","amigos","50","preferencial","500","49","192","42"
"36","amigos","50","preferencial","500","23","126","41"
"32","amigos","50","preferencial","500","34","157","62"
"33","amigos","50","preferencial","500","42","174","94"
"35","amigos","50","preferencial","500","29","150","35"
"34","amigos","50","preferencial","500","42","165","77"
"31","amigos","50","preferencial","500","50","196","42"
"36","amigos","50","preferencial","500","24","127","41"
"32","amigos","50","preferencial","500","35","160","62"
"34","amigos","50","preferencial","500","43","165","76"
"33","amigos","50","preferencial","500","43","174","94"
"37","amigos","50","preferencial","500","15","29","450"
"35","amigos","50","preferencial","500","30","150","35"
"36","amigos","50","preferencial","500","25","128","41"
"38","amigos","50","preferencial","500","0","1","500"
"32","amigos","50","preferencial","500","36","161","62"
"33","amigos","50","preferencial","500","44","174","94"
"34","amigos","50","preferencial","500","44","183","25"
"35","amigos","50","preferencial","500","31","150","35"
"36","amigos","50","preferencial","500","26","128","41"
"33","amigos","50","preferencial","500","45","175","94"
"34","amigos","50","preferencial","500","45","186","25"
"38","amigos","50","preferencial","500","1","7","493"
"32","amigos","50","preferencial","500","37","167","62"
"36","amigos","50","preferencial","500","27","130","41"
"35","amigos","50","preferencial","500","32","151","35"
"37","amigos","50","preferencial","500","16","32","445"
"33","amigos","50","preferencial","500","46","181","94"
"30","amigos","50","aleatoria","500","42","90","134"
"34","amigos","50","preferencial","500","46","186","25"
"38","amigos","50","preferencial","500","2","7","492"
"35","amigos","50","preferencial","500","33","152","35"
"33","amigos","50","preferencial","500","47","183","94"
"37","amigos","50","preferencial","500","17","32","444"
"34","amigos","50","preferencial","500","47","186","25"
"30","amigos","50","aleatoria","500","43","92","134"
"36","amigos","50","preferencial","500","28","130","41"
"35","amigos","50","preferencial","500","34","153","35"
"33","amigos","50","preferencial","500","48","184","92"
"38","amigos","50","preferencial","500","3","7","491"
"37","amigos","50","preferencial","500","18","53","398"
"34","amigos","50","preferencial","500","48","185","25"
"30","amigos","50","aleatoria","500","44","93","134"
"36","amigos","50","preferencial","500","29","131","41"
"33","amigos","50","preferencial","500","49","187","92"
"37","amigos","50","preferencial","500","19","55","395"
"38","amigos","50","preferencial","500","4","12","481"
"34","amigos","50","preferencial","500","49","187","21"
"35","amigos","50","preferencial","500","35","157","35"
"30","amigos","50","aleatoria","500","45","94","130"
"33","amigos","50","preferencial","500","50","191","92"
"37","amigos","50","preferencial","500","20","66","323"
"38","amigos","50","preferencial","500","5","15","473"
"34","amigos","50","preferencial","500","50","186","21"
"30","amigos","50","aleatoria","500","46","96","126"
"35","amigos","50","preferencial","500","36","165","35"
"30","amigos","50","aleatoria","500","47","98","123"
"35","amigos","50","preferencial","500","37","165","35"
"39","amigos","50","preferencial","500","0","1","500"
"30","amigos","50","aleatoria","500","48","100","123"
"37","amigos","50","preferencial","500","21","78","308"
"35","amigos","50","preferencial","500","38","170","35"
"38","amigos","50","preferencial","500","6","21","465"
"40","amigos","50","preferencial","500","0","1","500"
"30","amigos","50","aleatoria","500","49","100","123"
"39","amigos","50","preferencial","500","1","1","499"
"35","amigos","50","preferencial","500","39","173","35"
"30","amigos","50","aleatoria","500","50","101","123"
"39","amigos","50","preferencial","500","2","3","496"
"35","amigos","50","preferencial","500","40","173","35"
"37","amigos","50","preferencial","500","22","78","307"
"38","amigos","50","preferencial","500","7","25","457"
"40","amigos","50","preferencial","500","1","2","498"
"35","amigos","50","preferencial","500","41","173","35"
"37","amigos","50","preferencial","500","23","79","307"
"39","amigos","50","preferencial","500","3","7","485"
"41","hubs","50","aleatoria","500","0","1","500"
"35","amigos","50","preferencial","500","42","175","35"
"37","amigos","50","preferencial","500","24","81","303"
"38","amigos","50","preferencial","500","8","27","454"
"40","amigos","50","preferencial","500","2","6","485"
"35","amigos","50","preferencial","500","43","182","35"
"41","hubs","50","aleatoria","500","1","9","329"
"37","amigos","50","preferencial","500","25","82","301"
"39","amigos","50","preferencial","500","4","8","483"
"35","amigos","50","preferencial","500","44","183","35"
"41","hubs","50","aleatoria","500","2","16","217"
"38","amigos","50","preferencial","500","9","27","453"
"37","amigos","50","preferencial","500","26","83","299"
"40","amigos","50","preferencial","500","3","6","484"
"35","amigos","50","preferencial","500","45","183","35"
"41","hubs","50","aleatoria","500","3","22","160"
"39","amigos","50","preferencial","500","5","10","480"
"37","amigos","50","preferencial","500","27","83","298"
"35","amigos","50","preferencial","500","46","195","35"
"38","amigos","50","preferencial","500","10","31","445"
"40","amigos","50","preferencial","500","4","10","477"
"41","hubs","50","aleatoria","500","4","28","128"
"35","amigos","50","preferencial","500","47","195","35"
"41","hubs","50","aleatoria","500","5","34","128"
"37","amigos","50","preferencial","500","28","85","295"
"35","amigos","50","preferencial","500","48","195","35"
"40","amigos","50","preferencial","500","5","16","468"
"39","amigos","50","preferencial","500","6","11","478"
"38","amigos","50","preferencial","500","11","31","445"
"41","hubs","50","aleatoria","500","6","39","70"
"35","amigos","50","preferencial","500","49","195","35"
"37","amigos","50","preferencial","500","29","86","293"
"41","hubs","50","aleatoria","500","7","44","69"
"39","amigos","50","preferencial","500","7","15","470"
"35","amigos","50","preferencial","500","50","195","35"
"40","amigos","50","preferencial","500","6","17","466"
"37","amigos","50","preferencial","500","30","87","290"
"41","hubs","50","aleatoria","500","8","49","69"
"39","amigos","50","preferencial","500","8","18","463"
"37","amigos","50","preferencial","500","31","88","290"
"38","amigos","50","preferencial","500","12","36","437"
"41","hubs","50","aleatoria","500","9","54","69"
"37","amigos","50","preferencial","500","32","92","282"
"42","hubs","50","aleatoria","500","0","1","500"
"41","hubs","50","aleatoria","500","10","59","54"
"36","amigos","50","preferencial","500","30","132","41"
"39","amigos","50","preferencial","500","9","18","462"
"40","amigos","50","preferencial","500","7","33","349"
"38","amigos","50","preferencial","500","13","68","274"
"36","amigos","50","preferencial","500","31","132","40"
"37","amigos","50","preferencial","500","33","95","275"
"42","hubs","50","aleatoria","500","1","15","163"
"41","hubs","50","aleatoria","500","11","64","43"
"38","amigos","50","preferencial","500","14","69","272"
"40","amigos","50","preferencial","500","8","53","260"
"37","amigos","50","preferencial","500","34","95","274"
"41","hubs","50","aleatoria","500","12","68","43"
"36","amigos","50","preferencial","500","32","132","40"
"42","hubs","50","aleatoria","500","2","23","163"
"38","amigos","50","preferencial","500","15","78","272"
"40","amigos","50","preferencial","500","9","54","260"
"37","amigos","50","preferencial","500","35","98","266"
"39","amigos","50","preferencial","500","10","20","459"
"36","amigos","50","preferencial","500","33","134","40"
"41","hubs","50","aleatoria","500","13","72","43"
"40","amigos","50","preferencial","500","10","59","260"
"37","amigos","50","preferencial","500","36","99","266"
"36","amigos","50","preferencial","500","34","136","40"
"38","amigos","50","preferencial","500","16","80","272"
"40","amigos","50","preferencial","500","11","60","260"
"41","hubs","50","aleatoria","500","14","76","41"
"37","amigos","50","preferencial","500","37","99","265"
"36","amigos","50","preferencial","500","35","138","40"
"38","amigos","50","preferencial","500","17","82","272"
"40","amigos","50","preferencial","500","12","61","258"
"32","amigos","50","preferencial","500","38","174","54"
"37","amigos","50","preferencial","500","38","102","261"
"36","amigos","50","preferencial","500","36","138","40"
"38","amigos","50","preferencial","500","18","88","272"
"40","amigos","50","preferencial","500","13","62","258"
"36","amigos","50","preferencial","500","37","139","40"
"32","amigos","50","preferencial","500","39","181","54"
"37","amigos","50","preferencial","500","39","103","259"
"38","amigos","50","preferencial","500","19","88","271"
"40","amigos","50","preferencial","500","14","63","256"
"37","amigos","50","preferencial","500","40","109","250"
"36","amigos","50","preferencial","500","38","148","31"
"32","amigos","50","preferencial","500","40","181","54"
"38","amigos","50","preferencial","500","20","91","263"
"42","hubs","50","aleatoria","500","3","30","81"
"37","amigos","50","preferencial","500","41","111","250"
"36","amigos","50","preferencial","500","39","150","31"
"40","amigos","50","preferencial","500","15","73","256"
"32","amigos","50","preferencial","500","41","189","54"
"36","amigos","50","preferencial","500","40","152","31"
"41","hubs","50","aleatoria","500","15","80","41"
"38","amigos","50","preferencial","500","21","91","263"
"32","amigos","50","preferencial","500","42","189","54"
"37","amigos","50","preferencial","500","42","113","250"
"36","amigos","50","preferencial","500","41","158","31"
"40","amigos","50","preferencial","500","16","73","255"
"38","amigos","50","preferencial","500","22","103","263"
"41","hubs","50","aleatoria","500","16","84","41"
"39","amigos","50","preferencial","500","11","20","458"
"36","amigos","50","preferencial","500","42","158","31"
"32","amigos","50","preferencial","500","43","188","54"
"40","amigos","50","preferencial","500","17","74","253"
"41","hubs","50","aleatoria","500","17","88","41"
"38","amigos","50","preferencial","500","23","104","261"
"36","amigos","50","preferencial","500","43","167","31"
"32","amigos","50","preferencial","500","44","190","54"
"39","amigos","50","preferencial","500","12","23","452"
"38","amigos","50","preferencial","500","24","108","256"
"36","amigos","50","preferencial","500","44","176","31"
"41","hubs","50","aleatoria","500","18","92","41"
"32","amigos","50","preferencial","500","45","191","54"
"39","amigos","50","preferencial","500","13","25","449"
"36","amigos","50","preferencial","500","45","176","31"
"38","amigos","50","preferencial","500","25","109","256"
"41","hubs","50","aleatoria","500","19","96","41"
"37","amigos","50","preferencial","500","43","135","215"
"39","amigos","50","preferencial","500","14","31","440"
"36","amigos","50","preferencial","500","46","176","31"
"32","amigos","50","preferencial","500","46","193","54"
"38","amigos","50","preferencial","500","26","110","253"
"37","amigos","50","preferencial","500","44","136","213"
"36","amigos","50","preferencial","500","47","177","31"
"41","hubs","50","aleatoria","500","20","100","41"
"39","amigos","50","preferencial","500","15","50","260"
"38","amigos","50","preferencial","500","27","110","252"
"37","amigos","50","preferencial","500","45","138","213"
"36","amigos","50","preferencial","500","48","176","31"
"32","amigos","50","preferencial","500","47","199","54"
"39","amigos","50","preferencial","500","16","55","253"
"37","amigos","50","preferencial","500","46","141","208"
"38","amigos","50","preferencial","500","28","110","251"
"36","amigos","50","preferencial","500","49","175","31"
"42","hubs","50","aleatoria","500","4","36","81"
"41","hubs","50","aleatoria","500","21","104","30"
"39","amigos","50","preferencial","500","17","55","253"
"37","amigos","50","preferencial","500","47","143","205"
"38","amigos","50","preferencial","500","29","115","244"
"37","amigos","50","preferencial","500","48","143","204"
"36","amigos","50","preferencial","500","50","181","31"
"39","amigos","50","preferencial","500","18","55","253"
"32","amigos","50","preferencial","500","48","199","53"
"38","amigos","50","preferencial","500","30","115","243"
"42","hubs","50","aleatoria","500","5","42","81"
"37","amigos","50","preferencial","500","49","143","204"
"38","amigos","50","preferencial","500","31","119","243"
"41","hubs","50","aleatoria","500","22","107","25"
"39","amigos","50","preferencial","500","19","76","198"
"42","hubs","50","aleatoria","500","6","48","81"
"32","amigos","50","preferencial","500","49","210","53"
"37","amigos","50","preferencial","500","50","143","204"
"38","amigos","50","preferencial","500","32","121","243"
"39","amigos","50","preferencial","500","20","82","198"
"38","amigos","50","preferencial","500","33","130","243"
"39","amigos","50","preferencial","500","21","83","198"
"42","hubs","50","aleatoria","500","7","53","81"
"38","amigos","50","preferencial","500","34","130","242"
"41","hubs","50","aleatoria","500","23","110","25"
"44","hubs","50","aleatoria","500","0","1","500"
"39","amigos","50","preferencial","500","22","84","198"
"38","amigos","50","preferencial","500","35","162","80"
"43","hubs","50","aleatoria","500","0","1","500"
"42","hubs","50","aleatoria","500","8","58","54"
"44","hubs","50","aleatoria","500","1","10","464"
"39","amigos","50","preferencial","500","23","85","196"
"38","amigos","50","preferencial","500","36","164","74"
"40","amigos","50","preferencial","500","18","74","253"
"44","hubs","50","aleatoria","500","2","19","440"
"42","hubs","50","aleatoria","500","9","63","54"
"39","amigos","50","preferencial","500","24","85","196"
"38","amigos","50","preferencial","500","37","164","73"
"41","hubs","50","aleatoria","500","24","113","25"
"32","amigos","50","preferencial","500","50","219","38"
"42","hubs","50","aleatoria","500","10","68","54"
"43","hubs","50","aleatoria","500","1","10","372"
"44","hubs","50","aleatoria","500","3","27","415"
"38","amigos","50","preferencial","500","38","164","72"
"39","amigos","50","preferencial","500","25","86","196"
"38","amigos","50","preferencial","500","39","166","72"
"40","amigos","50","preferencial","500","19","75","251"
"44","hubs","50","aleatoria","500","4","34","350"
"39","amigos","50","preferencial","500","26","91","188"
"41","hubs","50","aleatoria","500","25","116","25"
"44","hubs","50","aleatoria","500","5","41","245"
"38","amigos","50","preferencial","500","40","166","71"
"43","hubs","50","aleatoria","500","2","19","277"
"42","hubs","50","aleatoria","500","11","73","54"
"39","amigos","50","preferencial","500","27","91","188"
"40","amigos","50","preferencial","500","20","86","251"
"41","hubs","50","aleatoria","500","26","119","25"
"38","amigos","50","preferencial","500","41","165","71"
"40","amigos","50","preferencial","500","21","90","251"
"42","hubs","50","aleatoria","500","12","78","34"
"43","hubs","50","aleatoria","500","3","25","256"
"44","hubs","50","aleatoria","500","6","47","199"
"38","amigos","50","preferencial","500","42","164","71"
"39","amigos","50","preferencial","500","28","92","188"
"40","amigos","50","preferencial","500","22","98","238"
"41","hubs","50","aleatoria","500","27","122","25"
"45","hubs","50","aleatoria","500","0","1","500"
"42","hubs","50","aleatoria","500","13","83","34"
"43","hubs","50","aleatoria","500","4","31","256"
"39","amigos","50","preferencial","500","29","94","185"
"44","hubs","50","aleatoria","500","7","53","167"
"40","amigos","50","preferencial","500","23","109","238"
"39","amigos","50","preferencial","500","30","95","185"
"40","amigos","50","preferencial","500","24","109","238"
"44","hubs","50","aleatoria","500","8","59","145"
"41","hubs","50","aleatoria","500","28","125","22"
"43","hubs","50","aleatoria","500","5","37","225"
"42","hubs","50","aleatoria","500","14","87","25"
"40","amigos","50","preferencial","500","25","110","238"
"39","amigos","50","preferencial","500","31","129","112"
"43","hubs","50","aleatoria","500","6","43","207"
"45","hubs","50","aleatoria","500","1","13","402"
"41","hubs","50","aleatoria","500","29","128","22"
"44","hubs","50","aleatoria","500","9","64","145"
"40","amigos","50","preferencial","500","26","111","236"
"43","hubs","50","aleatoria","500","7","49","78"
"39","amigos","50","preferencial","500","32","140","105"
"44","hubs","50","aleatoria","500","10","69","125"
"41","hubs","50","aleatoria","500","30","131","22"
"40","amigos","50","preferencial","500","27","112","236"
"39","amigos","50","preferencial","500","33","140","105"
"44","hubs","50","aleatoria","500","11","74","125"
"41","hubs","50","aleatoria","500","31","134","22"
"42","hubs","50","aleatoria","500","15","91","25"
"45","hubs","50","aleatoria","500","2","23","176"
"39","amigos","50","preferencial","500","34","141","105"
"40","amigos","50","preferencial","500","28","112","236"
"44","hubs","50","aleatoria","500","12","78","125"
"41","hubs","50","aleatoria","500","32","137","22"
"39","amigos","50","preferencial","500","35","141","105"
"40","amigos","50","preferencial","500","29","113","234"
"44","hubs","50","aleatoria","500","13","82","118"
"42","hubs","50","aleatoria","500","16","95","25"
"45","hubs","50","aleatoria","500","3","30","107"
"41","hubs","50","aleatoria","500","33","140","22"
"38","amigos","50","preferencial","500","43","180","34"
"40","amigos","50","preferencial","500","30","141","60"
"44","hubs","50","aleatoria","500","14","86","95"
"38","amigos","50","preferencial","500","44","180","34"
"42","hubs","50","aleatoria","500","17","99","25"
"40","amigos","50","preferencial","500","31","142","60"
"44","hubs","50","aleatoria","500","15","90","95"
"38","amigos","50","preferencial","500","45","185","34"
"41","hubs","50","aleatoria","500","34","143","20"
"45","hubs","50","aleatoria","500","4","36","107"
"42","hubs","50","aleatoria","500","18","103","25"
"40","amigos","50","preferencial","500","32","141","60"
"44","hubs","50","aleatoria","500","16","94","95"
"38","amigos","50","preferencial","500","46","185","34"
"41","hubs","50","aleatoria","500","35","146","16"
"38","amigos","50","preferencial","500","47","186","34"
"44","hubs","50","aleatoria","500","17","98","73"
"42","hubs","50","aleatoria","500","19","107","25"
"40","amigos","50","preferencial","500","33","156","60"
"41","hubs","50","aleatoria","500","36","149","16"
"45","hubs","50","aleatoria","500","5","42","95"
"42","hubs","50","aleatoria","500","20","111","25"
"38","amigos","50","preferencial","500","48","190","34"
"44","hubs","50","aleatoria","500","18","102","73"
"40","amigos","50","preferencial","500","34","160","60"
"43","hubs","50","aleatoria","500","8","55","78"
"41","hubs","50","aleatoria","500","37","152","16"
"42","hubs","50","aleatoria","500","21","115","25"
"45","hubs","50","aleatoria","500","6","48","95"
"40","amigos","50","preferencial","500","35","162","57"
"44","hubs","50","aleatoria","500","19","106","60"
"38","amigos","50","preferencial","500","49","192","34"
"41","hubs","50","aleatoria","500","38","155","16"
"43","hubs","50","aleatoria","500","9","60","61"
"42","hubs","50","aleatoria","500","22","119","25"
"40","amigos","50","preferencial","500","36","162","57"
"45","hubs","50","aleatoria","500","7","53","95"
"44","hubs","50","aleatoria","500","20","110","60"
"38","amigos","50","preferencial","500","50","192","34"
"41","hubs","50","aleatoria","500","39","158","16"
"43","hubs","50","aleatoria","500","10","65","61"
"40","amigos","50","preferencial","500","37","162","57"
"44","hubs","50","aleatoria","500","21","114","60"
"42","hubs","50","aleatoria","500","23","123","25"
"43","hubs","50","aleatoria","500","11","70","61"
"45","hubs","50","aleatoria","500","8","58","85"
"41","hubs","50","aleatoria","500","40","161","16"
"40","amigos","50","preferencial","500","38","171","57"
"39","amigos","50","preferencial","500","36","142","105"
"44","hubs","50","aleatoria","500","22","118","50"
"42","hubs","50","aleatoria","500","24","127","25"
"43","hubs","50","aleatoria","500","12","75","61"
"45","hubs","50","aleatoria","500","9","63","79"
"41","hubs","50","aleatoria","500","41","164","16"
"40","amigos","50","preferencial","500","39","172","57"
"44","hubs","50","aleatoria","500","23","121","50"
"46","hubs","50","aleatoria","500","0","1","500"
"42","hubs","50","aleatoria","500","25","131","25"
"43","hubs","50","aleatoria","500","13","80","61"
"41","hubs","50","aleatoria","500","42","167","16"
"40","amigos","50","preferencial","500","40","176","50"
"45","hubs","50","aleatoria","500","10","68","69"
"44","hubs","50","aleatoria","500","24","124","50"
"42","hubs","50","aleatoria","500","26","135","25"
"41","hubs","50","aleatoria","500","43","170","15"
"40","amigos","50","preferencial","500","41","178","50"
"43","hubs","50","aleatoria","500","14","85","61"
"46","hubs","50","aleatoria","500","1","10","130"
"45","hubs","50","aleatoria","500","11","72","69"
"44","hubs","50","aleatoria","500","25","127","50"
"42","hubs","50","aleatoria","500","27","139","25"
"43","hubs","50","aleatoria","500","15","89","61"
"40","amigos","50","preferencial","500","42","177","50"
"39","amigos","50","preferencial","500","37","146","105"
"46","hubs","50","aleatoria","500","2","17","130"
"44","hubs","50","aleatoria","500","26","130","50"
"45","hubs","50","aleatoria","500","12","76","69"
"42","hubs","50","aleatoria","500","28","142","25"
"43","hubs","50","aleatoria","500","16","93","61"
"39","amigos","50","preferencial","500","38","156","105"
"40","amigos","50","preferencial","500","43","177","50"
"41","hubs","50","aleatoria","500","44","172","15"
"44","hubs","50","aleatoria","500","27","133","50"
"46","hubs","50","aleatoria","500","3","23","130"
"45","hubs","50","aleatoria","500","13","80","69"
"43","hubs","50","aleatoria","500","17","97","61"
"39","amigos","50","preferencial","500","39","156","105"
"42","hubs","50","aleatoria","500","29","145","25"
"40","amigos","50","preferencial","500","44","177","50"
"41","hubs","50","aleatoria","500","45","174","15"
"44","hubs","50","aleatoria","500","28","136","46"
"43","hubs","50","aleatoria","500","18","101","40"
"45","hubs","50","aleatoria","500","14","84","69"
"39","amigos","50","preferencial","500","40","157","105"
"46","hubs","50","aleatoria","500","4","29","130"
"40","amigos","50","preferencial","500","45","177","50"
"41","hubs","50","aleatoria","500","46","176","15"
"44","hubs","50","aleatoria","500","29","139","46"
"43","hubs","50","aleatoria","500","19","105","40"
"39","amigos","50","preferencial","500","41","157","104"
"40","amigos","50","preferencial","500","46","183","50"
"42","hubs","50","aleatoria","500","30","148","25"
"46","hubs","50","aleatoria","500","5","35","130"
"41","hubs","50","aleatoria","500","47","178","15"
"44","hubs","50","aleatoria","500","30","142","46"
"39","amigos","50","preferencial","500","42","160","97"
"45","hubs","50","aleatoria","500","15","88","69"
"43","hubs","50","aleatoria","500","20","109","40"
"42","hubs","50","aleatoria","500","31","151","25"
"41","hubs","50","aleatoria","500","48","180","15"
"46","hubs","50","aleatoria","500","6","41","71"
"40","amigos","50","preferencial","500","47","186","50"
"44","hubs","50","aleatoria","500","31","145","46"
"43","hubs","50","aleatoria","500","21","113","40"
"39","amigos","50","preferencial","500","43","160","96"
"45","hubs","50","aleatoria","500","16","92","56"
"41","hubs","50","aleatoria","500","49","182","15"
"42","hubs","50","aleatoria","500","32","154","25"
"43","hubs","50","aleatoria","500","22","117","40"
"46","hubs","50","aleatoria","500","7","47","71"
"40","amigos","50","preferencial","500","48","186","50"
"39","amigos","50","preferencial","500","44","159","96"
"44","hubs","50","aleatoria","500","32","148","36"
"41","hubs","50","aleatoria","500","50","184","15"
"45","hubs","50","aleatoria","500","17","96","56"
"42","hubs","50","aleatoria","500","33","157","25"
"40","amigos","50","preferencial","500","49","186","50"
"43","hubs","50","aleatoria","500","23","120","40"
"39","amigos","50","preferencial","500","45","159","96"
"44","hubs","50","aleatoria","500","33","151","36"
"46","hubs","50","aleatoria","500","8","52","67"
"42","hubs","50","aleatoria","500","34","160","25"
"40","amigos","50","preferencial","500","50","202","32"
"39","amigos","50","preferencial","500","46","159","96"
"44","hubs","50","aleatoria","500","34","154","19"
"43","hubs","50","aleatoria","500","24","123","40"
"45","hubs","50","aleatoria","500","18","100","56"
"42","hubs","50","aleatoria","500","35","163","25"
"47","hubs","50","aleatoria","500","0","1","500"
"39","amigos","50","preferencial","500","47","162","90"
"46","hubs","50","aleatoria","500","9","57","67"
"43","hubs","50","aleatoria","500","25","126","40"
"44","hubs","50","aleatoria","500","35","157","19"
"42","hubs","50","aleatoria","500","36","166","25"
"47","hubs","50","aleatoria","500","1","9","407"
"45","hubs","50","aleatoria","500","19","104","46"
"39","amigos","50","preferencial","500","48","165","90"
"48","hubs","50","aleatoria","500","0","1","500"
"44","hubs","50","aleatoria","500","36","160","19"
"43","hubs","50","aleatoria","500","26","129","40"
"46","hubs","50","aleatoria","500","10","62","67"
"42","hubs","50","aleatoria","500","37","169","25"
"47","hubs","50","aleatoria","500","2","16","235"
"45","hubs","50","aleatoria","500","20","108","46"
"39","amigos","50","preferencial","500","49","164","90"
"44","hubs","50","aleatoria","500","37","163","19"
"43","hubs","50","aleatoria","500","27","132","40"
"48","hubs","50","aleatoria","500","1","9","441"
"42","hubs","50","aleatoria","500","38","172","25"
"46","hubs","50","aleatoria","500","11","67","67"
"39","amigos","50","preferencial","500","50","167","90"
"47","hubs","50","aleatoria","500","3","23","106"
"44","hubs","50","aleatoria","500","38","166","16"
"43","hubs","50","aleatoria","500","28","135","40"
"45","hubs","50","aleatoria","500","21","112","46"
"48","hubs","50","aleatoria","500","2","16","354"
"42","hubs","50","aleatoria","500","39","175","25"
"46","hubs","50","aleatoria","500","12","72","67"
"47","hubs","50","aleatoria","500","4","29","106"
"44","hubs","50","aleatoria","500","39","168","16"
"43","hubs","50","aleatoria","500","29","138","40"
"42","hubs","50","aleatoria","500","40","178","25"
"45","hubs","50","aleatoria","500","22","115","33"
"47","hubs","50","aleatoria","500","5","34","106"
"48","hubs","50","aleatoria","500","3","22","200"
"44","hubs","50","aleatoria","500","40","170","16"
"46","hubs","50","aleatoria","500","13","76","67"
"49","hubs","50","aleatoria","500","0","1","500"
"43","hubs","50","aleatoria","500","30","141","18"
"45","hubs","50","aleatoria","500","23","118","33"
"42","hubs","50","aleatoria","500","41","181","14"
"44","hubs","50","aleatoria","500","41","172","16"
"48","hubs","50","aleatoria","500","4","28","200"
"46","hubs","50","aleatoria","500","14","80","67"
"47","hubs","50","aleatoria","500","6","39","99"
"49","hubs","50","aleatoria","500","1","11","222"
"43","hubs","50","aleatoria","500","31","144","18"
"44","hubs","50","aleatoria","500","42","174","16"
"46","hubs","50","aleatoria","500","15","84","43"
"45","hubs","50","aleatoria","500","24","121","33"
"47","hubs","50","aleatoria","500","7","44","99"
"42","hubs","50","aleatoria","500","42","184","14"
"48","hubs","50","aleatoria","500","5","33","171"
"49","hubs","50","aleatoria","500","2","19","184"
"43","hubs","50","aleatoria","500","32","147","18"
"44","hubs","50","aleatoria","500","43","176","16"
"45","hubs","50","aleatoria","500","25","124","33"
"47","hubs","50","aleatoria","500","8","49","69"
"48","hubs","50","aleatoria","500","6","38","164"
"49","hubs","50","aleatoria","500","3","26","184"
"44","hubs","50","aleatoria","500","44","178","14"
"42","hubs","50","aleatoria","500","43","186","14"
"43","hubs","50","aleatoria","500","33","150","18"
"46","hubs","50","aleatoria","500","16","88","36"
"47","hubs","50","aleatoria","500","9","54","69"
"45","hubs","50","aleatoria","500","26","127","33"
"48","hubs","50","aleatoria","500","7","43","151"
"49","hubs","50","aleatoria","500","4","33","184"
"44","hubs","50","aleatoria","500","45","180","14"
"42","hubs","50","aleatoria","500","44","188","14"
"43","hubs","50","aleatoria","500","34","153","18"
"45","hubs","50","aleatoria","500","27","130","33"
"47","hubs","50","aleatoria","500","10","58","69"
"42","hubs","50","aleatoria","500","45","190","14"
"46","hubs","50","aleatoria","500","17","92","36"
"44","hubs","50","aleatoria","500","46","182","14"
"49","hubs","50","aleatoria","500","5","39","115"
"48","hubs","50","aleatoria","500","8","48","151"
"43","hubs","50","aleatoria","500","35","155","18"
"45","hubs","50","aleatoria","500","28","133","27"
"47","hubs","50","aleatoria","500","11","62","69"
"42","hubs","50","aleatoria","500","46","192","14"
"43","hubs","50","aleatoria","500","36","157","18"
"46","hubs","50","aleatoria","500","18","96","36"
"45","hubs","50","aleatoria","500","29","136","27"
"49","hubs","50","aleatoria","500","6","45","115"
"48","hubs","50","aleatoria","500","9","53","151"
"47","hubs","50","aleatoria","500","12","66","69"
"42","hubs","50","aleatoria","500","47","194","14"
"43","hubs","50","aleatoria","500","37","159","18"
"45","hubs","50","aleatoria","500","30","139","25"
"46","hubs","50","aleatoria","500","19","100","36"
"47","hubs","50","aleatoria","500","13","70","69"
"48","hubs","50","aleatoria","500","10","58","133"
"49","hubs","50","aleatoria","500","7","51","115"
"42","hubs","50","aleatoria","500","48","196","14"
"45","hubs","50","aleatoria","500","31","142","25"
"47","hubs","50","aleatoria","500","14","74","69"
"46","hubs","50","aleatoria","500","20","104","36"
"48","hubs","50","aleatoria","500","11","62","107"
"42","hubs","50","aleatoria","500","49","198","14"
"49","hubs","50","aleatoria","500","8","57","91"
"45","hubs","50","aleatoria","500","32","145","25"
"47","hubs","50","aleatoria","500","15","78","69"
"46","hubs","50","aleatoria","500","21","108","29"
"42","hubs","50","aleatoria","500","50","200","14"
"48","hubs","50","aleatoria","500","12","66","107"
"47","hubs","50","aleatoria","500","16","82","69"
"44","hubs","50","aleatoria","500","47","184","14"
"45","hubs","50","aleatoria","500","33","148","25"
"49","hubs","50","aleatoria","500","9","62","91"
"46","hubs","50","aleatoria","500","22","112","25"
"48","hubs","50","aleatoria","500","13","70","107"
"44","hubs","50","aleatoria","500","48","186","14"
"47","hubs","50","aleatoria","500","17","86","39"
"45","hubs","50","aleatoria","500","34","151","25"
"49","hubs","50","aleatoria","500","10","67","74"
"46","hubs","50","aleatoria","500","23","115","25"
"48","hubs","50","aleatoria","500","14","74","101"
"44","hubs","50","aleatoria","500","49","188","11"
"47","hubs","50","aleatoria","500","18","90","31"
"45","hubs","50","aleatoria","500","35","154","25"
"50","hubs","50","aleatoria","500","0","1","500"
"46","hubs","50","aleatoria","500","24","118","25"
"43","hubs","50","aleatoria","500","38","161","18"
"48","hubs","50","aleatoria","500","15","78","83"
"47","hubs","50","aleatoria","500","19","94","31"
"44","hubs","50","aleatoria","500","50","190","11"
"45","hubs","50","aleatoria","500","36","157","14"
"50","hubs","50","aleatoria","500","1","8","191"
"46","hubs","50","aleatoria","500","25","121","25"
"43","hubs","50","aleatoria","500","39","163","15"
"47","hubs","50","aleatoria","500","20","97","31"
"48","hubs","50","aleatoria","500","16","82","83"
"51","hubs","50","preferencial","500","0","1","500"
"45","hubs","50","aleatoria","500","37","159","14"
"49","hubs","50","aleatoria","500","11","72","74"
"43","hubs","50","aleatoria","500","40","165","15"
"46","hubs","50","aleatoria","500","26","124","25"
"50","hubs","50","aleatoria","500","2","14","191"
"48","hubs","50","aleatoria","500","17","86","83"
"45","hubs","50","aleatoria","500","38","161","14"
"51","hubs","50","preferencial","500","1","22","436"
"43","hubs","50","aleatoria","500","41","167","15"
"46","hubs","50","aleatoria","500","27","127","25"
"50","hubs","50","aleatoria","500","3","20","163"
"48","hubs","50","aleatoria","500","18","90","83"
"45","hubs","50","aleatoria","500","39","163","14"
"51","hubs","50","preferencial","500","2","42","188"
"43","hubs","50","aleatoria","500","42","169","15"
"46","hubs","50","aleatoria","500","28","130","25"
"50","hubs","50","aleatoria","500","4","25","147"
"48","hubs","50","aleatoria","500","19","94","69"
"47","hubs","50","aleatoria","500","21","100","31"
"43","hubs","50","aleatoria","500","43","171","15"
"51","hubs","50","preferencial","500","3","61","188"
"46","hubs","50","aleatoria","500","29","133","25"
"45","hubs","50","aleatoria","500","40","165","13"
"47","hubs","50","aleatoria","500","22","103","31"
"43","hubs","50","aleatoria","500","44","173","15"
"48","hubs","50","aleatoria","500","20","98","69"
"51","hubs","50","preferencial","500","4","78","159"
"45","hubs","50","aleatoria","500","41","167","13"
"46","hubs","50","aleatoria","500","30","136","25"
"43","hubs","50","aleatoria","500","45","175","13"
"47","hubs","50","aleatoria","500","23","106","31"
"48","hubs","50","aleatoria","500","21","102","69"
"51","hubs","50","preferencial","500","5","92","159"
"49","hubs","50","aleatoria","500","12","77","58"
"45","hubs","50","aleatoria","500","42","169","13"
"43","hubs","50","aleatoria","500","46","177","13"
"46","hubs","50","aleatoria","500","31","139","25"
"47","hubs","50","aleatoria","500","24","109","23"
"48","hubs","50","aleatoria","500","22","105","63"
"50","hubs","50","aleatoria","500","5","30","139"
"43","hubs","50","aleatoria","500","47","179","13"
"45","hubs","50","aleatoria","500","43","171","13"
"51","hubs","50","preferencial","500","6","106","128"
"46","hubs","50","aleatoria","500","32","142","25"
"47","hubs","50","aleatoria","500","25","112","23"
"48","hubs","50","aleatoria","500","23","108","63"
"46","hubs","50","aleatoria","500","33","145","25"
"51","hubs","50","preferencial","500","7","119","60"
"43","hubs","50","aleatoria","500","48","181","13"
"49","hubs","50","aleatoria","500","13","82","58"
"45","hubs","50","aleatoria","500","44","173","13"
"47","hubs","50","aleatoria","500","26","115","23"
"48","hubs","50","aleatoria","500","24","111","63"
"43","hubs","50","aleatoria","500","49","183","9"
"46","hubs","50","aleatoria","500","34","148","25"
"45","hubs","50","aleatoria","500","45","175","13"
"51","hubs","50","preferencial","500","8","131","48"
"47","hubs","50","aleatoria","500","27","118","23"
"48","hubs","50","aleatoria","500","25","114","63"
"49","hubs","50","aleatoria","500","14","86","49"
"46","hubs","50","aleatoria","500","35","151","25"
"43","hubs","50","aleatoria","500","50","185","8"
"45","hubs","50","aleatoria","500","46","177","13"
"51","hubs","50","preferencial","500","9","143","48"
"47","hubs","50","aleatoria","500","28","121","23"
"50","hubs","50","aleatoria","500","6","35","139"
"48","hubs","50","aleatoria","500","26","117","63"
"46","hubs","50","aleatoria","500","36","154","25"
"45","hubs","50","aleatoria","500","47","179","12"
"47","hubs","50","aleatoria","500","29","124","23"
"52","hubs","50","preferencial","500","0","1","500"
"50","hubs","50","aleatoria","500","7","40","128"
"51","hubs","50","preferencial","500","10","153","48"
"48","hubs","50","aleatoria","500","27","120","63"
"46","hubs","50","aleatoria","500","37","157","25"
"45","hubs","50","aleatoria","500","48","181","12"
"50","hubs","50","aleatoria","500","8","45","128"
"52","hubs","50","preferencial","500","1","39","254"
"51","hubs","50","preferencial","500","11","163","48"
"47","hubs","50","aleatoria","500","30","127","23"
"48","hubs","50","aleatoria","500","28","123","63"
"45","hubs","50","aleatoria","500","49","183","12"
"46","hubs","50","aleatoria","500","38","160","18"
"49","hubs","50","aleatoria","500","15","90","49"
"51","hubs","50","preferencial","500","12","172","48"
"52","hubs","50","preferencial","500","2","69","254"
"50","hubs","50","aleatoria","500","9","50","74"
"47","hubs","50","aleatoria","500","31","130","23"
"45","hubs","50","aleatoria","500","50","185","12"
"48","hubs","50","aleatoria","500","29","126","63"
"46","hubs","50","aleatoria","500","39","163","18"
"47","hubs","50","aleatoria","500","32","133","23"
"51","hubs","50","preferencial","500","13","180","48"
"53","hubs","50","preferencial","500","0","1","500"
"49","hubs","50","aleatoria","500","16","94","49"
"50","hubs","50","aleatoria","500","10","55","57"
"48","hubs","50","aleatoria","500","30","129","57"
"52","hubs","50","preferencial","500","3","95","89"
"47","hubs","50","aleatoria","500","33","136","23"
"51","hubs","50","preferencial","500","14","188","48"
"53","hubs","50","preferencial","500","1","56","106"
"50","hubs","50","aleatoria","500","11","59","57"
"49","hubs","50","aleatoria","500","17","98","49"
"46","hubs","50","aleatoria","500","40","166","11"
"48","hubs","50","aleatoria","500","31","132","57"
"51","hubs","50","preferencial","500","15","194","36"
"47","hubs","50","aleatoria","500","34","139","23"
"52","hubs","50","preferencial","500","4","113","89"
"50","hubs","50","aleatoria","500","12","63","57"
"53","hubs","50","preferencial","500","2","82","93"
"46","hubs","50","aleatoria","500","41","168","11"
"49","hubs","50","aleatoria","500","18","102","49"
"48","hubs","50","aleatoria","500","32","135","42"
"47","hubs","50","aleatoria","500","35","142","23"
"51","hubs","50","preferencial","500","16","200","36"
"50","hubs","50","aleatoria","500","13","67","57"
"52","hubs","50","preferencial","500","5","128","68"
"49","hubs","50","aleatoria","500","19","106","49"
"46","hubs","50","aleatoria","500","42","170","11"
"53","hubs","50","preferencial","500","3","96","93"
"47","hubs","50","aleatoria","500","36","145","23"
"48","hubs","50","aleatoria","500","33","138","42"
"51","hubs","50","preferencial","500","17","206","36"
"52","hubs","50","preferencial","500","6","140","43"
"53","hubs","50","preferencial","500","4","110","73"
"49","hubs","50","aleatoria","500","20","110","49"
"47","hubs","50","aleatoria","500","37","148","23"
"48","hubs","50","aleatoria","500","34","141","42"
"50","hubs","50","aleatoria","500","14","71","57"
"51","hubs","50","preferencial","500","18","211","36"
"46","hubs","50","aleatoria","500","43","172","10"
"53","hubs","50","preferencial","500","5","123","50"
"48","hubs","50","aleatoria","500","35","144","42"
"52","hubs","50","preferencial","500","7","151","38"
"49","hubs","50","aleatoria","500","21","114","49"
"47","hubs","50","aleatoria","500","38","151","23"
"50","hubs","50","aleatoria","500","15","75","57"
"51","hubs","50","preferencial","500","19","216","36"
"47","hubs","50","aleatoria","500","39","154","23"
"46","hubs","50","aleatoria","500","44","174","10"
"52","hubs","50","preferencial","500","8","159","28"
"53","hubs","50","preferencial","500","6","134","44"
"48","hubs","50","aleatoria","500","36","147","42"
"49","hubs","50","aleatoria","500","22","118","31"
"50","hubs","50","aleatoria","500","16","79","57"
"47","hubs","50","aleatoria","500","40","157","23"
"53","hubs","50","preferencial","500","7","144","44"
"52","hubs","50","preferencial","500","9","167","28"
"46","hubs","50","aleatoria","500","45","176","10"
"51","hubs","50","preferencial","500","20","221","27"
"50","hubs","50","aleatoria","500","17","83","57"
"48","hubs","50","aleatoria","500","37","150","42"
"49","hubs","50","aleatoria","500","23","121","31"
"52","hubs","50","preferencial","500","10","175","28"
"53","hubs","50","preferencial","500","8","153","26"
"47","hubs","50","aleatoria","500","41","160","23"
"46","hubs","50","aleatoria","500","46","178","10"
"51","hubs","50","preferencial","500","21","226","27"
"50","hubs","50","aleatoria","500","18","87","57"
"49","hubs","50","aleatoria","500","24","124","31"
"48","hubs","50","aleatoria","500","38","153","42"
"46","hubs","50","aleatoria","500","47","180","10"
"52","hubs","50","preferencial","500","11","182","28"
"53","hubs","50","preferencial","500","9","161","26"
"47","hubs","50","aleatoria","500","42","162","23"
"52","hubs","50","preferencial","500","12","189","28"
"50","hubs","50","aleatoria","500","19","91","57"
"51","hubs","50","preferencial","500","22","230","27"
"48","hubs","50","aleatoria","500","39","156","42"
"46","hubs","50","aleatoria","500","48","182","10"
"49","hubs","50","aleatoria","500","25","127","28"
"47","hubs","50","aleatoria","500","43","164","23"
"53","hubs","50","preferencial","500","10","169","26"
"52","hubs","50","preferencial","500","13","195","28"
"46","hubs","50","aleatoria","500","49","184","10"
"49","hubs","50","aleatoria","500","26","130","22"
"48","hubs","50","aleatoria","500","40","159","42"
"50","hubs","50","aleatoria","500","20","95","57"
"47","hubs","50","aleatoria","500","44","166","23"
"53","hubs","50","preferencial","500","11","175","21"
"46","hubs","50","aleatoria","500","50","186","10"
"49","hubs","50","aleatoria","500","27","133","22"
"48","hubs","50","aleatoria","500","41","162","42"
"52","hubs","50","preferencial","500","14","201","28"
"50","hubs","50","aleatoria","500","21","99","57"
"47","hubs","50","aleatoria","500","45","168","20"
"53","hubs","50","preferencial","500","12","181","21"
"54","hubs","50","preferencial","500","0","1","500"
"48","hubs","50","aleatoria","500","42","165","34"
"49","hubs","50","aleatoria","500","28","136","22"
"50","hubs","50","aleatoria","500","22","102","57"
"47","hubs","50","aleatoria","500","46","170","20"
"51","hubs","50","preferencial","500","23","234","20"
"53","hubs","50","preferencial","500","13","187","21"
"52","hubs","50","preferencial","500","15","207","28"
"54","hubs","50","preferencial","500","1","60","94"
"48","hubs","50","aleatoria","500","43","168","17"
"50","hubs","50","aleatoria","500","23","105","45"
"49","hubs","50","aleatoria","500","29","139","22"
"47","hubs","50","aleatoria","500","47","172","20"
"53","hubs","50","preferencial","500","14","193","21"
"52","hubs","50","preferencial","500","16","213","28"
"48","hubs","50","aleatoria","500","44","170","17"
"54","hubs","50","preferencial","500","2","90","78"
"50","hubs","50","aleatoria","500","24","108","45"
"47","hubs","50","aleatoria","500","48","174","20"
"49","hubs","50","aleatoria","500","30","142","22"
"51","hubs","50","preferencial","500","24","238","20"
"53","hubs","50","preferencial","500","15","199","21"
"52","hubs","50","preferencial","500","17","219","28"
"48","hubs","50","aleatoria","500","45","172","17"
"47","hubs","50","aleatoria","500","49","176","20"
"50","hubs","50","aleatoria","500","25","111","45"
"54","hubs","50","preferencial","500","3","116","58"
"51","hubs","50","preferencial","500","25","242","14"
"49","hubs","50","aleatoria","500","31","145","22"
"48","hubs","50","aleatoria","500","46","174","17"
"53","hubs","50","preferencial","500","16","205","21"
"52","hubs","50","preferencial","500","18","225","28"
"47","hubs","50","aleatoria","500","50","178","20"
"50","hubs","50","aleatoria","500","26","114","38"
"51","hubs","50","preferencial","500","26","246","14"
"49","hubs","50","aleatoria","500","32","148","22"
"54","hubs","50","preferencial","500","4","131","49"
"52","hubs","50","preferencial","500","19","230","28"
"48","hubs","50","aleatoria","500","47","176","17"
"55","hubs","50","preferencial","500","0","1","500"
"51","hubs","50","preferencial","500","27","250","14"
"50","hubs","50","aleatoria","500","27","117","38"
"49","hubs","50","aleatoria","500","33","151","22"
"54","hubs","50","preferencial","500","5","144","30"
"52","hubs","50","preferencial","500","20","235","22"
"53","hubs","50","preferencial","500","17","210","21"
"48","hubs","50","aleatoria","500","48","178","17"
"50","hubs","50","aleatoria","500","28","120","38"
"51","hubs","50","preferencial","500","28","254","12"
"55","hubs","50","preferencial","500","1","39","178"
"49","hubs","50","aleatoria","500","34","154","22"
"52","hubs","50","preferencial","500","21","240","22"
"54","hubs","50","preferencial","500","6","156","30"
"53","hubs","50","preferencial","500","18","215","21"
"51","hubs","50","preferencial","500","29","257","12"
"50","hubs","50","aleatoria","500","29","123","38"
"52","hubs","50","preferencial","500","22","245","22"
"49","hubs","50","aleatoria","500","35","157","22"
"48","hubs","50","aleatoria","500","49","180","17"
"53","hubs","50","preferencial","500","19","220","21"
"54","hubs","50","preferencial","500","7","165","30"
"50","hubs","50","aleatoria","500","30","126","38"
"51","hubs","50","preferencial","500","30","260","10"
"55","hubs","50","preferencial","500","2","61","98"
"52","hubs","50","preferencial","500","23","249","22"
"53","hubs","50","preferencial","500","20","225","21"
"48","hubs","50","aleatoria","500","50","182","12"
"54","hubs","50","preferencial","500","8","173","30"
"51","hubs","50","preferencial","500","31","263","10"
"50","hubs","50","aleatoria","500","31","129","25"
"52","hubs","50","preferencial","500","24","253","22"
"53","hubs","50","preferencial","500","21","230","21"
"55","hubs","50","preferencial","500","3","81","98"
"56","hubs","50","preferencial","500","0","1","500"
"54","hubs","50","preferencial","500","9","180","30"
"51","hubs","50","preferencial","500","32","266","10"
"52","hubs","50","preferencial","500","25","257","22"
"53","hubs","50","preferencial","500","22","235","17"
"49","hubs","50","aleatoria","500","36","160","22"
"55","hubs","50","preferencial","500","4","101","98"
"54","hubs","50","preferencial","500","10","187","21"
"51","hubs","50","preferencial","500","33","269","10"
"56","hubs","50","preferencial","500","1","78","75"
"52","hubs","50","preferencial","500","26","261","22"
"53","hubs","50","preferencial","500","23","239","17"
"55","hubs","50","preferencial","500","5","113","48"
"50","hubs","50","aleatoria","500","32","132","25"
"51","hubs","50","preferencial","500","34","271","10"
"54","hubs","50","preferencial","500","11","193","17"
"56","hubs","50","preferencial","500","2","100","75"
"52","hubs","50","preferencial","500","27","265","22"
"53","hubs","50","preferencial","500","24","243","17"
"55","hubs","50","preferencial","500","6","124","48"
"51","hubs","50","preferencial","500","35","273","10"
"52","hubs","50","preferencial","500","28","269","14"
"56","hubs","50","preferencial","500","3","111","75"
"54","hubs","50","preferencial","500","12","199","17"
"50","hubs","50","aleatoria","500","33","135","25"
"55","hubs","50","preferencial","500","7","135","48"
"53","hubs","50","preferencial","500","25","247","17"
"51","hubs","50","preferencial","500","36","275","10"
"49","hubs","50","aleatoria","500","37","163","22"
"50","hubs","50","aleatoria","500","34","138","20"
"54","hubs","50","preferencial","500","13","205","13"
"53","hubs","50","preferencial","500","26","250","17"
"55","hubs","50","preferencial","500","8","145","48"
"52","hubs","50","preferencial","500","29","273","14"
"51","hubs","50","preferencial","500","37","277","10"
"56","hubs","50","preferencial","500","4","121","56"
"52","hubs","50","preferencial","500","30","276","14"
"55","hubs","50","preferencial","500","9","155","48"
"53","hubs","50","preferencial","500","27","253","17"
"50","hubs","50","aleatoria","500","35","141","20"
"49","hubs","50","aleatoria","500","38","166","22"
"54","hubs","50","preferencial","500","14","210","13"
"51","hubs","50","preferencial","500","38","279","10"
"56","hubs","50","preferencial","500","5","130","56"
"53","hubs","50","preferencial","500","28","256","8"
"52","hubs","50","preferencial","500","31","279","14"
"50","hubs","50","aleatoria","500","36","144","20"
"51","hubs","50","preferencial","500","39","281","10"
"55","hubs","50","preferencial","500","10","165","48"
"54","hubs","50","preferencial","500","15","214","13"
"56","hubs","50","preferencial","500","6","138","56"
"51","hubs","50","preferencial","500","40","283","10"
"53","hubs","50","preferencial","500","29","259","8"
"52","hubs","50","preferencial","500","32","282","14"
"50","hubs","50","aleatoria","500","37","147","20"
"55","hubs","50","preferencial","500","11","174","48"
"49","hubs","50","aleatoria","500","39","169","22"
"54","hubs","50","preferencial","500","16","218","12"
"56","hubs","50","preferencial","500","7","146","34"
"52","hubs","50","preferencial","500","33","285","14"
"51","hubs","50","preferencial","500","41","285","10"
"50","hubs","50","aleatoria","500","38","150","20"
"53","hubs","50","preferencial","500","30","262","8"
"55","hubs","50","preferencial","500","12","183","35"
"54","hubs","50","preferencial","500","17","222","12"
"52","hubs","50","preferencial","500","34","288","14"
"51","hubs","50","preferencial","500","42","287","10"
"56","hubs","50","preferencial","500","8","154","34"
"53","hubs","50","preferencial","500","31","265","8"
"50","hubs","50","aleatoria","500","39","153","20"
"55","hubs","50","preferencial","500","13","190","35"
"49","hubs","50","aleatoria","500","40","172","17"
"51","hubs","50","preferencial","500","43","289","10"
"52","hubs","50","preferencial","500","35","291","14"
"54","hubs","50","preferencial","500","18","226","12"
"50","hubs","50","aleatoria","500","40","155","20"
"56","hubs","50","preferencial","500","9","161","34"
"53","hubs","50","preferencial","500","32","268","8"
"55","hubs","50","preferencial","500","14","197","35"
"49","hubs","50","aleatoria","500","41","175","17"
"51","hubs","50","preferencial","500","44","291","10"
"52","hubs","50","preferencial","500","36","294","14"
"50","hubs","50","aleatoria","500","41","157","16"
"55","hubs","50","preferencial","500","15","203","21"
"54","hubs","50","preferencial","500","19","230","12"
"56","hubs","50","preferencial","500","10","168","34"
"53","hubs","50","preferencial","500","33","271","8"
"49","hubs","50","aleatoria","500","42","177","17"
"51","hubs","50","preferencial","500","45","293","10"
"52","hubs","50","preferencial","500","37","297","14"
"55","hubs","50","preferencial","500","16","209","21"
"50","hubs","50","aleatoria","500","42","159","16"
"56","hubs","50","preferencial","500","11","174","34"
"53","hubs","50","preferencial","500","34","274","8"
"49","hubs","50","aleatoria","500","43","179","17"
"54","hubs","50","preferencial","500","20","233","12"
"51","hubs","50","preferencial","500","46","295","7"
"55","hubs","50","preferencial","500","17","215","21"
"52","hubs","50","preferencial","500","38","300","14"
"56","hubs","50","preferencial","500","12","180","34"
"50","hubs","50","aleatoria","500","43","161","16"
"49","hubs","50","aleatoria","500","44","181","17"
"51","hubs","50","preferencial","500","47","297","7"
"53","hubs","50","preferencial","500","35","277","8"
"54","hubs","50","preferencial","500","21","236","12"
"55","hubs","50","preferencial","500","18","220","21"
"52","hubs","50","preferencial","500","39","303","9"
"56","hubs","50","preferencial","500","13","186","34"
"51","hubs","50","preferencial","500","48","299","7"
"50","hubs","50","aleatoria","500","44","163","16"
"49","hubs","50","aleatoria","500","45","183","17"
"53","hubs","50","preferencial","500","36","279","8"
"54","hubs","50","preferencial","500","22","239","12"
"55","hubs","50","preferencial","500","19","225","21"
"52","hubs","50","preferencial","500","40","306","7"
"50","hubs","50","aleatoria","500","45","165","11"
"51","hubs","50","preferencial","500","49","301","7"
"53","hubs","50","preferencial","500","37","281","7"
"49","hubs","50","aleatoria","500","46","185","17"
"56","hubs","50","preferencial","500","14","191","22"
"54","hubs","50","preferencial","500","23","242","12"
"55","hubs","50","preferencial","500","20","230","21"
"52","hubs","50","preferencial","500","41","309","7"
"51","hubs","50","preferencial","500","50","303","6"
"53","hubs","50","preferencial","500","38","283","7"
"50","hubs","50","aleatoria","500","46","167","11"
"49","hubs","50","aleatoria","500","47","187","17"
"55","hubs","50","preferencial","500","21","235","21"
"56","hubs","50","preferencial","500","15","196","22"
"54","hubs","50","preferencial","500","24","245","12"
"52","hubs","50","preferencial","500","42","312","7"
"57","hubs","50","preferencial","500","0","1","500"
"53","hubs","50","preferencial","500","39","285","7"
"50","hubs","50","aleatoria","500","47","169","11"
"49","hubs","50","aleatoria","500","48","189","17"
"55","hubs","50","preferencial","500","22","240","21"
"52","hubs","50","preferencial","500","43","314","7"
"56","hubs","50","preferencial","500","16","201","22"
"54","hubs","50","preferencial","500","25","248","12"
"53","hubs","50","preferencial","500","40","287","7"
"50","hubs","50","aleatoria","500","48","171","11"
"49","hubs","50","aleatoria","500","49","191","17"
"57","hubs","50","preferencial","500","1","33","293"
"52","hubs","50","preferencial","500","44","316","7"
"55","hubs","50","preferencial","500","23","245","21"
"56","hubs","50","preferencial","500","17","206","13"
"54","hubs","50","preferencial","500","26","251","12"
"53","hubs","50","preferencial","500","41","289","7"
"50","hubs","50","aleatoria","500","49","173","11"
"49","hubs","50","aleatoria","500","50","193","17"
"55","hubs","50","preferencial","500","24","249","17"
"52","hubs","50","preferencial","500","45","318","7"
"53","hubs","50","preferencial","500","42","291","7"
"57","hubs","50","preferencial","500","2","55","97"
"50","hubs","50","aleatoria","500","50","175","11"
"56","hubs","50","preferencial","500","18","210","11"
"55","hubs","50","preferencial","500","25","253","13"
"52","hubs","50","preferencial","500","46","320","6"
"58","hubs","50","preferencial","500","0","1","500"
"54","hubs","50","preferencial","500","27","254","12"
"53","hubs","50","preferencial","500","43","293","7"
"59","hubs","50","preferencial","500","0","1","500"
"56","hubs","50","preferencial","500","19","214","11"
"55","hubs","50","preferencial","500","26","257","13"
"52","hubs","50","preferencial","500","47","322","6"
"57","hubs","50","preferencial","500","3","75","97"
"54","hubs","50","preferencial","500","28","257","12"
"53","hubs","50","preferencial","500","44","295","7"
"58","hubs","50","preferencial","500","1","49","193"
"55","hubs","50","preferencial","500","27","260","13"
"56","hubs","50","preferencial","500","20","218","11"
"59","hubs","50","preferencial","500","1","37","180"
"52","hubs","50","preferencial","500","48","324","6"
"53","hubs","50","preferencial","500","45","297","7"
"54","hubs","50","preferencial","500","29","260","12"
"58","hubs","50","preferencial","500","2","74","90"
"56","hubs","50","preferencial","500","21","222","11"
"55","hubs","50","preferencial","500","28","263","13"
"52","hubs","50","preferencial","500","49","326","6"
"59","hubs","50","preferencial","500","2","70","127"
"53","hubs","50","preferencial","500","46","299","7"
"54","hubs","50","preferencial","500","30","263","8"
"55","hubs","50","preferencial","500","29","266","13"
"56","hubs","50","preferencial","500","22","226","10"
"58","hubs","50","preferencial","500","3","88","90"
"52","hubs","50","preferencial","500","50","328","6"
"59","hubs","50","preferencial","500","3","91","82"
"53","hubs","50","preferencial","500","47","301","7"
"55","hubs","50","preferencial","500","30","269","10"
"54","hubs","50","preferencial","500","31","266","8"
"56","hubs","50","preferencial","500","23","230","10"
"58","hubs","50","preferencial","500","4","101","90"
"55","hubs","50","preferencial","500","31","272","10"
"59","hubs","50","preferencial","500","4","111","67"
"54","hubs","50","preferencial","500","32","269","8"
"60","hubs","50","preferencial","500","0","1","500"
"56","hubs","50","preferencial","500","24","234","10"
"57","hubs","50","preferencial","500","4","92","46"
"58","hubs","50","preferencial","500","5","113","29"
"59","hubs","50","preferencial","500","5","129","67"
"55","hubs","50","preferencial","500","32","275","10"
"54","hubs","50","preferencial","500","33","272","7"
"60","hubs","50","preferencial","500","1","46","293"
"58","hubs","50","preferencial","500","6","124","29"
"57","hubs","50","preferencial","500","5","102","46"
"54","hubs","50","preferencial","500","34","275","7"
"59","hubs","50","preferencial","500","6","141","42"
"60","hubs","50","preferencial","500","2","67","111"
"53","hubs","50","preferencial","500","48","303","7"
"58","hubs","50","preferencial","500","7","134","29"
"57","hubs","50","preferencial","500","6","112","45"
"54","hubs","50","preferencial","500","35","277","7"
"59","hubs","50","preferencial","500","7","149","42"
"60","hubs","50","preferencial","500","3","86","111"
"56","hubs","50","preferencial","500","25","238","10"
"54","hubs","50","preferencial","500","36","279","7"
"57","hubs","50","preferencial","500","7","121","29"
"58","hubs","50","preferencial","500","8","142","29"
"59","hubs","50","preferencial","500","8","156","37"
"60","hubs","50","preferencial","500","4","99","111"
"53","hubs","50","preferencial","500","49","305","7"
"55","hubs","50","preferencial","500","33","278","10"
"56","hubs","50","preferencial","500","26","241","10"
"57","hubs","50","preferencial","500","8","129","29"
"54","hubs","50","preferencial","500","37","281","6"
"60","hubs","50","preferencial","500","5","112","60"
"59","hubs","50","preferencial","500","9","163","37"
"58","hubs","50","preferencial","500","9","150","29"
"53","hubs","50","preferencial","500","50","307","7"
"55","hubs","50","preferencial","500","34","281","10"
"56","hubs","50","preferencial","500","27","244","10"
"57","hubs","50","preferencial","500","9","137","29"
"54","hubs","50","preferencial","500","38","283","6"
"60","hubs","50","preferencial","500","6","121","60"
"55","hubs","50","preferencial","500","35","284","10"
"58","hubs","50","preferencial","500","10","158","29"
"56","hubs","50","preferencial","500","28","247","10"
"57","hubs","50","preferencial","500","10","145","22"
"54","hubs","50","preferencial","500","39","285","6"
"55","hubs","50","preferencial","500","36","287","10"
"60","hubs","50","preferencial","500","7","130","60"
"58","hubs","50","preferencial","500","11","166","27"
"56","hubs","50","preferencial","500","29","250","10"
"59","hubs","50","preferencial","500","10","170","30"
"57","hubs","50","preferencial","500","11","152","22"
"55","hubs","50","preferencial","500","37","290","7"
"54","hubs","50","preferencial","500","40","287","6"
"60","hubs","50","preferencial","500","8","139","60"
"58","hubs","50","preferencial","500","12","173","27"
"56","hubs","50","preferencial","500","30","253","9"
"57","hubs","50","preferencial","500","12","159","22"
"55","hubs","50","preferencial","500","38","293","7"
"54","hubs","50","preferencial","500","41","289","6"
"60","hubs","50","preferencial","500","9","147","60"
"56","hubs","50","preferencial","500","31","256","9"
"55","hubs","50","preferencial","500","39","295","7"
"57","hubs","50","preferencial","500","13","166","22"
"54","hubs","50","preferencial","500","42","291","6"
"60","hubs","50","preferencial","500","10","155","34"
"55","hubs","50","preferencial","500","40","297","7"
"56","hubs","50","preferencial","500","32","259","9"
"57","hubs","50","preferencial","500","14","173","22"
"54","hubs","50","preferencial","500","43","293","6"
"59","hubs","50","preferencial","500","11","177","30"
"58","hubs","50","preferencial","500","13","180","27"
"55","hubs","50","preferencial","500","41","299","7"
"60","hubs","50","preferencial","500","11","162","28"
"56","hubs","50","preferencial","500","33","262","9"
"57","hubs","50","preferencial","500","15","179","22"
"54","hubs","50","preferencial","500","44","295","6"
"59","hubs","50","preferencial","500","12","184","22"
"55","hubs","50","preferencial","500","42","301","6"
"58","hubs","50","preferencial","500","14","187","27"
"60","hubs","50","preferencial","500","12","169","28"
"56","hubs","50","preferencial","500","34","265","9"
"55","hubs","50","preferencial","500","43","303","6"
"57","hubs","50","preferencial","500","16","185","22"
"59","hubs","50","preferencial","500","13","190","22"
"58","hubs","50","preferencial","500","15","194","27"
"60","hubs","50","preferencial","500","13","176","28"
"56","hubs","50","preferencial","500","35","268","8"
"55","hubs","50","preferencial","500","44","305","6"
"59","hubs","50","preferencial","500","14","196","18"
"57","hubs","50","preferencial","500","17","191","22"
"54","hubs","50","preferencial","500","45","297","6"
"60","hubs","50","preferencial","500","14","183","28"
"56","hubs","50","preferencial","500","36","271","8"
"58","hubs","50","preferencial","500","16","201","27"
"55","hubs","50","preferencial","500","45","307","6"
"59","hubs","50","preferencial","500","15","201","18"
"57","hubs","50","preferencial","500","18","197","22"
"54","hubs","50","preferencial","500","46","299","6"
"56","hubs","50","preferencial","500","37","274","8"
"55","hubs","50","preferencial","500","46","309","5"
"58","hubs","50","preferencial","500","17","207","27"
"60","hubs","50","preferencial","500","15","189","28"
"59","hubs","50","preferencial","500","16","206","18"
"57","hubs","50","preferencial","500","19","203","22"
"54","hubs","50","preferencial","500","47","301","6"
"55","hubs","50","preferencial","500","47","311","5"
"56","hubs","50","preferencial","500","38","277","8"
"60","hubs","50","preferencial","500","16","195","28"
"58","hubs","50","preferencial","500","18","213","27"
"59","hubs","50","preferencial","500","17","210","18"
"57","hubs","50","preferencial","500","20","209","22"
"55","hubs","50","preferencial","500","48","313","5"
"56","hubs","50","preferencial","500","39","280","8"
"60","hubs","50","preferencial","500","17","200","28"
"59","hubs","50","preferencial","500","18","214","18"
"58","hubs","50","preferencial","500","19","219","15"
"55","hubs","50","preferencial","500","49","315","5"
"56","hubs","50","preferencial","500","40","283","8"
"57","hubs","50","preferencial","500","21","214","22"
"60","hubs","50","preferencial","500","18","205","21"
"55","hubs","50","preferencial","500","50","317","5"
"59","hubs","50","preferencial","500","19","218","18"
"58","hubs","50","preferencial","500","20","224","15"
"56","hubs","50","preferencial","500","41","285","8"
"57","hubs","50","preferencial","500","22","219","22"
"60","hubs","50","preferencial","500","19","210","16"
"58","hubs","50","preferencial","500","21","229","14"
"59","hubs","50","preferencial","500","20","222","18"
"56","hubs","50","preferencial","500","42","287","8"
"57","hubs","50","preferencial","500","23","224","19"
"60","hubs","50","preferencial","500","20","215","15"
"59","hubs","50","preferencial","500","21","226","18"
"56","hubs","50","preferencial","500","43","289","8"
"58","hubs","50","preferencial","500","22","234","10"
"57","hubs","50","preferencial","500","24","229","19"
"60","hubs","50","preferencial","500","21","220","15"
"56","hubs","50","preferencial","500","44","291","8"
"59","hubs","50","preferencial","500","22","230","17"
"58","hubs","50","preferencial","500","23","238","10"
"60","hubs","50","preferencial","500","22","224","15"
"57","hubs","50","preferencial","500","25","234","19"
"56","hubs","50","preferencial","500","45","293","8"
"59","hubs","50","preferencial","500","23","234","17"
"58","hubs","50","preferencial","500","24","242","10"
"60","hubs","50","preferencial","500","23","228","15"
"57","hubs","50","preferencial","500","26","238","19"
"56","hubs","50","preferencial","500","46","295","8"
"59","hubs","50","preferencial","500","24","238","17"
"58","hubs","50","preferencial","500","25","246","10"
"60","hubs","50","preferencial","500","24","232","15"
"57","hubs","50","preferencial","500","27","242","19"
"56","hubs","50","preferencial","500","47","297","8"
"59","hubs","50","preferencial","500","25","242","11"
"58","hubs","50","preferencial","500","26","250","10"
"57","hubs","50","preferencial","500","28","246","12"
"56","hubs","50","preferencial","500","48","299","8"
"58","hubs","50","preferencial","500","27","254","10"
"59","hubs","50","preferencial","500","26","245","11"
"60","hubs","50","preferencial","500","25","236","15"
"57","hubs","50","preferencial","500","29","250","12"
"56","hubs","50","preferencial","500","49","301","8"
"59","hubs","50","preferencial","500","27","248","11"
"60","hubs","50","preferencial","500","26","240","15"
"58","hubs","50","preferencial","500","28","258","9"
"57","hubs","50","preferencial","500","30","254","12"
"56","hubs","50","preferencial","500","50","303","6"
"60","hubs","50","preferencial","500","27","244","15"
"59","hubs","50","preferencial","500","28","251","11"
"58","hubs","50","preferencial","500","29","261","9"
"57","hubs","50","preferencial","500","31","258","12"
"58","hubs","50","preferencial","500","30","264","9"
"60","hubs","50","preferencial","500","28","248","11"
"59","hubs","50","preferencial","500","29","254","10"
"57","hubs","50","preferencial","500","32","262","12"
"60","hubs","50","preferencial","500","29","252","11"
"58","hubs","50","preferencial","500","31","267","9"
"59","hubs","50","preferencial","500","30","257","10"
"57","hubs","50","preferencial","500","33","266","12"
"58","hubs","50","preferencial","500","32","270","9"
"60","hubs","50","preferencial","500","30","255","11"
"59","hubs","50","preferencial","500","31","260","10"
"58","hubs","50","preferencial","500","33","273","8"
"60","hubs","50","preferencial","500","31","258","11"
"57","hubs","50","preferencial","500","34","269","12"
"59","hubs","50","preferencial","500","32","263","10"
"60","hubs","50","preferencial","500","32","261","8"
"58","hubs","50","preferencial","500","34","276","8"
"57","hubs","50","preferencial","500","35","272","12"
"59","hubs","50","preferencial","500","33","266","10"
"57","hubs","50","preferencial","500","36","275","9"
"58","hubs","50","preferencial","500","35","279","8"
"60","hubs","50","preferencial","500","33","264","8"
"59","hubs","50","preferencial","500","34","269","10"
"57","hubs","50","preferencial","500","37","278","9"
"54","hubs","50","preferencial","500","48","303","6"
"58","hubs","50","preferencial","500","36","282","8"
"60","hubs","50","preferencial","500","34","267","8"
"59","hubs","50","preferencial","500","35","272","10"
"57","hubs","50","preferencial","500","38","281","9"
"54","hubs","50","preferencial","500","49","305","5"
"58","hubs","50","preferencial","500","37","284","8"
"60","hubs","50","preferencial","500","35","270","8"
"59","hubs","50","preferencial","500","36","275","8"
"57","hubs","50","preferencial","500","39","284","9"
"54","hubs","50","preferencial","500","50","307","5"
"58","hubs","50","preferencial","500","38","286","8"
"60","hubs","50","preferencial","500","36","273","7"
"57","hubs","50","preferencial","500","40","286","9"
"59","hubs","50","preferencial","500","37","278","8"
"58","hubs","50","preferencial","500","39","288","8"
"60","hubs","50","preferencial","500","37","276","6"
"57","hubs","50","preferencial","500","41","288","9"
"59","hubs","50","preferencial","500","38","281","8"
"60","hubs","50","preferencial","500","38","279","6"
"58","hubs","50","preferencial","500","40","290","8"
"59","hubs","50","preferencial","500","39","283","8"
"57","hubs","50","preferencial","500","42","290","9"
"60","hubs","50","preferencial","500","39","281","6"
"58","hubs","50","preferencial","500","41","292","8"
"59","hubs","50","preferencial","500","40","285","6"
"57","hubs","50","preferencial","500","43","292","9"
"59","hubs","50","preferencial","500","41","287","6"
"60","hubs","50","preferencial","500","40","283","6"
"58","hubs","50","preferencial","500","42","294","8"
"57","hubs","50","preferencial","500","44","294","9"
"59","hubs","50","preferencial","500","42","289","6"
"60","hubs","50","preferencial","500","41","285","6"
"57","hubs","50","preferencial","500","45","296","8"
"58","hubs","50","preferencial","500","43","296","8"
"59","hubs","50","preferencial","500","43","291","6"
"60","hubs","50","preferencial","500","42","287","6"
"58","hubs","50","preferencial","500","44","298","8"
"57","hubs","50","preferencial","500","46","298","8"
"60","hubs","50","preferencial","500","43","289","6"
"58","hubs","50","preferencial","500","45","300","8"
"59","hubs","50","preferencial","500","44","293","6"
"57","hubs","50","preferencial","500","47","300","8"
"58","hubs","50","preferencial","500","46","302","8"
"60","hubs","50","preferencial","500","44","291","5"
"59","hubs","50","preferencial","500","45","295","6"
"57","hubs","50","preferencial","500","48","302","8"
"58","hubs","50","preferencial","500","47","304","8"
"60","hubs","50","preferencial","500","45","293","5"
"59","hubs","50","preferencial","500","46","297","6"
"57","hubs","50","preferencial","500","49","304","7"
"60","hubs","50","preferencial","500","46","295","5"
"59","hubs","50","preferencial","500","47","299","6"
"58","hubs","50","preferencial","500","48","306","8"
"57","hubs","50","preferencial","500","50","306","7"
"60","hubs","50","preferencial","500","47","297","5"
"59","hubs","50","preferencial","500","48","301","6"
"58","hubs","50","preferencial","500","49","308","7"
"59","hubs","50","preferencial","500","49","303","5"
"60","hubs","50","preferencial","500","48","299","5"
"58","hubs","50","preferencial","500","50","310","7"
"59","hubs","50","preferencial","500","50","305","5"
"60","hubs","50","preferencial","500","49","301","5"
"60","hubs","50","preferencial","500","50","303","5"
